0 0 3.62945e+06
0 1 2.51974e+06
0 2 3.35827e+06
0 3 3.64875e+06
0 4 3.08777e+06
0 5 3.10458e+06
0 6 2.67620e+06
0 7 3.11558e+06
0 8 2.36123e+06
0 9 2.68658e+06
0 10 3.88746e+06
0 11 3.24011e+06
0 12 3.92312e+06
0 13 2.51052e+06
0 14 3.60184e+06
0 15 3.79085e+06
0 16 2.49790e+06
0 17 3.01359e+06
0 18 3.30106e+06
0 19 2.62812e+06
0 20 3.79282e+06
0 21 3.85087e+06
0 22 3.48741e+06
0 23 3.05405e+06
0 24 2.80473e+06
0 25 2.49790e+06
0 26 2.15255e+06
0 27 3.87855e+06
0 28 2.57530e+06
0 29 3.14178e+06
0 30 2.04386e+06
0 31 3.54531e+06
1 0 3.81158e+06
1 1 3.60014e+06
1 2 2.79103e+06
1 3 3.96533e+06
1 4 3.44209e+06
1 5 3.25977e+06
1 6 2.58795e+06
1 7 2.62686e+06
1 8 2.09010e+06
1 9 3.87205e+06
1 10 3.09832e+06
1 11 3.39078e+06
1 12 3.52483e+06
1 13 3.71714e+06
1 14 2.28502e+06
1 15 3.16504e+06
1 16 2.95157e+06
1 17 2.39985e+06
1 18 3.03254e+06
1 19 3.78900e+06
1 20 2.96446e+06
1 21 3.47804e+06
1 22 2.60391e+06
1 23 2.23771e+06
1 24 3.76846e+06
1 25 2.77285e+06
1 26 3.41734e+06
1 27 2.96461e+06
1 28 2.16925e+06
1 29 3.85422e+06
1 30 3.61656e+06
1 31 3.48813e+06
2 0 2.25397e+06
2 1 2.86283e+06
2 2 2.73487e+06
2 3 3.46050e+06
2 4 3.04499e+06
2 5 2.06398e+06
2 6 3.49263e+06
2 7 2.33241e+06
2 8 3.44635e+06
2 9 2.24955e+06
2 10 3.45677e+06
2 11 3.44033e+06
2 12 2.01470e+06
2 13 3.82213e+06
2 14 2.95695e+06
2 15 3.16549e+06
2 16 2.79815e+06
2 17 2.85439e+06
2 18 2.65278e+06
2 19 2.49405e+06
2 20 2.02819e+06
2 21 3.13486e+06
2 22 2.17922e+06
2 23 2.76029e+06
2 24 3.40116e+06
2 25 2.86287e+06
2 26 2.46985e+06
2 27 3.07999e+06
2 28 3.16436e+06
2 29 3.72753e+06
2 30 2.35842e+06
2 31 2.88581e+06
3 0 3.82675e+06
3 1 3.82130e+06
3 2 3.97596e+06
3 3 2.68775e+06
3 4 3.98741e+06
3 5 3.22943e+06
3 6 2.02067e+06
3 7 3.24499e+06
3 8 2.69488e+06
3 9 3.46117e+06
3 10 3.15352e+06
3 11 2.69379e+06
3 12 3.36008e+06
3 13 3.39927e+06
3 14 2.51367e+06
3 15 3.70985e+06
3 16 3.19888e+06
3 17 2.33738e+06
3 18 3.32355e+06
3 19 2.62136e+06
3 20 3.24576e+06
3 21 3.93756e+06
3 22 3.65193e+06
3 23 3.62567e+06
3 24 2.48374e+06
3 25 3.66177e+06
3 26 2.79779e+06
3 27 2.44211e+06
3 28 2.30614e+06
3 29 2.33968e+06
3 30 2.33078e+06
3 31 2.10600e+06
4 0 3.26472e+06
4 1 2.36369e+06
4 2 2.07548e+06
4 3 3.16814e+06
4 4 2.43735e+06
4 5 2.72482e+06
4 6 2.09689e+06
4 7 3.97587e+06
4 8 3.32123e+06
4 9 3.29295e+06
4 10 2.05171e+06
4 11 3.03398e+06
4 12 3.41190e+06
4 13 3.45036e+06
4 14 2.73818e+06
4 15 2.06973e+06
4 16 3.60105e+06
4 17 3.50339e+06
4 18 2.23513e+06
4 19 2.81774e+06
4 20 2.46219e+06
4 21 3.64900e+06
4 22 2.77917e+06
4 23 2.48819e+06
4 24 3.51966e+06
4 25 3.64929e+06
4 26 2.53625e+06
4 27 2.19189e+06
4 28 2.14619e+06
4 29 2.35740e+06
4 30 2.36321e+06
4 31 2.17564e+06
5 0 2.19508e+06
5 1 2.52761e+06
5 2 3.77034e+06
5 3 2.21554e+06
5 4 2.21160e+06
5 5 2.09907e+06
5 6 3.33583e+06
5 7 2.34086e+06
5 8 2.76774e+06
5 9 3.66630e+06
5 10 2.89306e+06
5 11 3.11339e+06
5 12 3.29026e+06
5 13 2.45977e+06
5 14 3.32353e+06
5 15 3.77084e+06
5 16 2.21014e+06
5 17 2.73670e+06
5 18 2.29563e+06
5 19 3.41602e+06
5 20 3.05487e+06
5 21 3.91922e+06
5 22 3.55061e+06
5 23 3.76885e+06
5 24 2.58185e+06
5 25 2.90600e+06
5 26 3.66503e+06
5 27 2.12033e+06
5 28 3.16113e+06
5 29 2.48701e+06
5 30 3.38287e+06
5 31 3.59597e+06
6 0 2.55700e+06
6 1 2.29108e+06
6 2 3.82657e+06
6 3 3.81262e+06
6 4 2.21939e+06
6 5 2.97914e+06
6 6 3.20694e+06
6 7 2.51558e+06
6 8 3.25469e+06
6 9 2.79656e+06
6 10 3.29260e+06
6 11 2.31299e+06
6 12 3.10462e+06
6 13 3.15211e+06
6 14 2.33922e+06
6 15 2.81546e+06
6 16 3.64288e+06
6 17 3.88364e+06
6 18 2.03953e+06
6 19 2.28728e+06
6 20 3.44998e+06
6 21 3.29269e+06
6 22 2.35874e+06
6 23 3.42529e+06
6 24 2.55488e+06
6 25 2.76112e+06
6 26 3.99075e+06
6 27 3.63902e+06
6 28 2.57403e+06
6 29 3.50356e+06
6 30 2.42753e+06
6 31 3.31116e+06
7 0 3.09376e+06
7 1 2.27214e+06
7 2 3.59237e+06
7 3 3.75931e+06
7 4 2.12718e+06
7 5 2.38502e+06
7 6 3.05220e+06
7 7 2.79360e+06
7 8 2.04330e+06
7 9 3.49964e+06
7 10 3.04241e+06
7 11 3.12411e+06
7 12 2.43622e+06
7 13 3.62126e+06
7 14 2.55757e+06
7 15 2.07276e+06
7 16 3.68217e+06
7 17 2.03435e+06
7 18 3.92858e+06
7 19 3.74264e+06
7 20 3.21483e+06
7 21 2.75915e+06
7 22 2.21872e+06
7 23 2.75630e+06
7 24 2.01222e+06
7 25 3.85174e+06
7 26 3.29950e+06
7 27 3.54296e+06
7 28 2.72384e+06
7 29 2.39827e+06
7 30 2.59621e+06
7 31 2.06467e+06
8 0 3.91501e+06
8 1 3.73858e+06
8 2 2.19742e+06
8 3 3.63552e+06
8 4 2.80916e+06
8 5 2.24617e+06
8 6 3.45942e+06
8 7 2.14799e+06
8 8 3.82114e+06
8 9 3.67044e+06
8 10 2.74463e+06
8 11 3.38961e+06
8 12 3.54473e+06
8 13 2.80769e+06
8 14 2.39644e+06
8 15 3.49230e+06
8 16 2.70901e+06
8 17 3.65811e+06
8 18 3.94075e+06
8 19 2.16631e+06
8 20 3.17673e+06
8 21 2.95315e+06
8 22 3.81032e+06
8 23 2.49784e+06
8 24 2.74942e+06
8 25 3.48169e+06
8 26 3.40791e+06
8 27 2.39139e+06
8 28 3.44965e+06
8 29 3.96588e+06
8 30 3.53667e+06
8 31 3.11413e+06
9 0 3.92978e+06
9 1 3.15941e+06
9 2 2.52374e+06
9 3 2.52146e+06
9 4 2.89675e+06
9 5 2.41099e+06
9 6 3.41451e+06
9 7 3.36819e+06
9 8 3.60112e+06
9 9 2.64492e+06
9 10 3.87427e+06
9 11 2.85291e+06
9 12 2.45606e+06
9 13 3.97688e+06
9 14 2.39014e+06
9 15 2.30966e+06
9 16 2.86014e+06
9 17 3.25318e+06
9 18 2.24772e+06
9 19 2.92348e+06
9 20 2.86687e+06
9 21 3.82378e+06
9 22 3.75270e+06
9 23 2.50571e+06
9 24 2.87387e+06
9 25 3.47527e+06
9 26 3.86461e+06
9 27 3.79024e+06
9 28 3.71662e+06
9 29 3.41928e+06
9 30 3.00230e+06
9 31 3.43960e+06
10 0 2.31523e+06
10 1 3.09972e+06
10 2 2.67071e+06
10 3 3.18871e+06
10 4 2.73163e+06
10 5 2.29303e+06
10 6 3.56275e+06
10 7 2.80478e+06
10 8 3.49169e+06
10 9 3.10452e+06
10 10 3.65907e+06
10 11 3.67254e+06
10 12 2.74173e+06
10 13 2.18000e+06
10 14 2.65368e+06
10 15 2.28782e+06
10 16 3.14448e+06
10 17 3.07749e+06
10 18 2.93482e+06
10 19 2.06078e+06
10 20 2.48835e+06
10 21 2.02971e+06
10 22 3.99959e+06
10 23 3.53449e+06
10 24 2.60860e+06
10 25 3.89383e+06
10 26 3.37531e+06
10 27 3.36860e+06
10 28 2.69583e+06
10 29 2.35087e+06
10 30 3.81893e+06
10 31 2.22082e+06
11 0 3.94119e+06
11 1 2.28991e+06
11 2 3.35946e+06
11 3 2.04503e+06
11 4 3.52701e+06
11 5 2.37814e+06
11 6 2.57595e+06
11 7 3.96567e+06
11 8 3.62623e+06
11 9 3.95826e+06
11 10 3.69817e+06
11 11 3.46277e+06
11 12 3.78186e+06
11 13 2.64188e+06
11 14 3.76068e+06
11 15 3.21192e+06
11 16 3.40165e+06
11 17 3.30102e+06
11 18 3.31339e+06
11 19 3.50640e+06
11 20 2.85792e+06
11 21 2.31339e+06
11 22 3.72851e+06
11 23 2.09972e+06
11 24 2.58172e+06
11 25 3.02020e+06
11 26 3.13671e+06
11 27 3.31369e+06
11 28 3.92349e+06
11 29 3.71659e+06
11 30 2.11571e+06
11 31 2.43329e+06
12 0 3.91433e+06
12 1 3.70606e+06
12 2 2.27311e+06
12 3 2.85052e+06
12 4 3.25579e+06
12 5 2.08530e+06
12 6 3.38506e+06
12 7 2.80437e+06
12 8 2.76661e+06
12 9 3.09862e+06
12 10 2.74507e+06
12 11 2.72006e+06
12 12 3.71275e+06
12 13 3.02282e+06
12 14 2.94220e+06
12 15 2.50896e+06
12 16 3.48494e+06
12 17 3.45326e+06
12 18 2.58037e+06
12 19 3.40009e+06
12 20 2.02035e+06
12 21 2.94314e+06
12 22 2.07376e+06
12 23 3.37058e+06
12 24 2.48503e+06
12 25 3.58376e+06
12 26 2.76170e+06
12 27 3.98076e+06
12 28 3.90714e+06
12 29 3.81882e+06
12 30 2.87350e+06
12 31 3.62204e+06
13 0 2.97075e+06
13 1 3.24411e+06
13 2 3.44245e+06
13 3 2.62544e+06
13 4 3.54396e+06
13 5 3.27040e+06
13 6 3.11334e+06
13 7 3.24134e+06
13 8 3.23456e+06
13 9 2.66085e+06
13 10 3.18637e+06
13 11 2.90842e+06
13 12 2.80487e+06
13 13 2.12121e+06
13 14 2.80794e+06
13 15 2.64831e+06
13 16 3.51577e+06
13 17 2.18898e+06
13 18 3.50907e+06
13 19 2.42902e+06
13 20 3.21764e+06
13 21 3.08598e+06
13 22 3.08936e+06
13 23 3.24056e+06
13 24 3.87337e+06
13 25 2.90435e+06
13 26 3.26916e+06
13 27 2.06738e+06
13 28 2.41207e+06
13 29 3.92333e+06
13 30 3.14451e+06
13 31 2.27732e+06
14 0 3.60056e+06
14 1 2.70190e+06
14 2 2.21352e+06
14 3 2.32297e+06
14 4 3.86571e+06
14 5 2.56373e+06
14 6 2.79304e+06
14 7 2.30874e+06
14 8 3.15099e+06
14 9 3.23894e+06
14 10 3.74511e+06
14 11 2.77278e+06
14 12 2.63604e+06
14 13 3.45138e+06
14 14 2.35846e+06
14 15 2.80358e+06
14 16 2.77826e+06
14 17 3.75515e+06
14 18 3.11624e+06
14 19 3.35981e+06
14 20 3.91595e+06
14 21 2.11938e+06
14 22 3.99523e+06
14 23 3.49337e+06
14 24 3.72038e+06
14 25 3.69840e+06
14 26 2.72646e+06
14 27 2.84851e+06
14 28 3.53649e+06
14 29 3.14120e+06
14 30 3.13013e+06
14 31 3.76380e+06
15 0 2.28377e+06
15 1 8.37351e+06
15 2 8.23128e+06
15 3 8.90176e+06
15 4 3.94548e+06
15 5 3.07719e+06
15 6 2.12318e+06
15 7 2.76269e+06
15 8 3.06010e+06
15 9 2.72127e+06
15 10 3.86700e+06
15 11 8.46371e+06
15 12 3.21727e+06
15 13 3.11311e+06
15 14 3.93785e+06
15 15 2.81275e+06
15 16 8.02828e+06
15 17 2.02872e+06
15 18 8.11521e+06
15 19 3.11459e+06
15 20 2.19089e+06
15 21 3.31606e+06
15 22 8.64829e+06
15 23 3.95451e+06
15 24 2.79446e+06
15 25 2.78086e+06
15 26 8.65107e+06
15 27 8.63855e+06
15 28 3.23106e+06
15 29 3.12576e+06
15 30 8.34014e+06
15 31 3.84711e+06
16 0 8.62270e+06
16 1 2.80362e+06
16 2 2.98835e+06
16 3 2.84577e+06
16 4 8.37301e+06
16 5 8.75383e+06
16 6 3.56035e+06
16 7 2.32227e+06
16 8 2.55014e+06
16 9 3.51302e+06
16 10 3.33693e+06
16 11 3.46854e+06
16 12 3.82039e+06
16 13 3.05872e+06
16 14 2.81491e+06
16 15 2.77238e+06
16 16 3.91269e+06
16 17 8.79611e+06
16 18 2.53439e+06
16 19 3.70136e+06
16 20 8.66524e+06
16 21 8.94312e+06
16 22 3.74702e+06
16 23 2.76783e+06
16 24 8.49723e+06
16 25 8.06036e+06
16 26 2.73740e+06
16 27 3.16701e+06
16 28 3.83784e+06
16 29 2.35332e+06
16 30 2.25220e+06
16 31 8.45627e+06
17 0 3.83147e+06
17 1 2.15193e+06
17 2 3.55810e+06
17 3 2.18846e+06
17 4 2.27775e+06
17 5 2.99823e+06
17 6 8.39409e+06
17 7 8.08885e+06
17 8 8.54867e+06
17 9 8.64545e+06
17 10 8.81443e+06
17 11 2.86056e+06
17 12 8.18717e+06
17 13 8.05194e+06
17 14 8.84234e+06
17 15 8.43902e+06
17 16 3.14594e+06
17 17 2.35983e+06
17 18 3.50747e+06
17 19 8.82889e+06
17 20 3.77247e+06
17 21 2.21927e+06
17 22 2.14044e+06
17 23 8.06652e+06
17 24 3.12999e+06
17 25 3.95288e+06
17 26 2.93680e+06
17 27 2.16654e+06
17 28 8.76570e+06
17 29 8.38149e+06
17 30 2.60023e+06
17 31 2.75432e+06
18 0 3.58441e+06
18 1 2.47983e+06
18 2 3.43007e+06
18 3 3.19705e+06
18 4 3.39253e+06
18 5 3.07160e+06
18 6 3.21573e+06
18 7 3.74222e+06
18 8 2.90328e+06
18 9 8.64978e+06
18 10 3.30770e+06
18 11 8.36448e+06
18 12 3.18319e+06
18 13 3.71752e+06
18 14 8.67265e+06
18 15 8.86852e+06
18 16 3.69944e+06
18 17 8.14946e+06
18 18 8.87243e+06
18 19 3.80355e+06
18 20 8.43532e+06
18 21 2.87555e+06
18 22 3.97508e+06
18 23 3.75494e+06
18 24 2.97924e+06
18 25 3.04660e+06
18 26 8.06507e+06
18 27 3.32031e+06
18 28 3.40428e+06
18 29 8.14961e+06
18 30 2.00424e+06
18 31 2.33562e+06
19 0 8.21912e+06
19 1 8.01988e+06
19 2 3.80744e+06
19 3 2.94185e+06
19 4 2.18764e+06
19 5 2.89037e+06
19 6 3.48251e+06
19 7 2.70155e+06
19 8 8.05506e+06
19 9 3.38949e+06
19 10 8.98796e+06
19 11 3.89043e+06
19 12 8.37576e+06
19 13 8.29198e+06
19 14 2.75322e+06
19 15 2.37618e+06
19 16 8.41938e+06
19 17 2.13636e+06
19 18 3.45689e+06
19 19 2.83904e+06
19 20 2.01783e+06
19 21 8.92511e+06
19 22 3.84543e+06
19 23 8.02391e+06
19 24 2.53962e+06
19 25 2.85983e+06
19 26 3.82107e+06
19 27 8.53414e+06
19 28 3.48735e+06
19 29 2.33055e+06
19 30 3.90221e+06
19 31 8.48674e+06
20 0 3.31148e+06
20 1 2.36782e+06
20 2 8.76603e+06
20 3 8.61881e+06
20 4 8.01016e+06
20 5 8.60157e+06
20 6 8.34272e+06
20 7 8.70177e+06
20 8 3.60890e+06
20 9 3.94547e+06
20 10 2.81345e+06
20 11 3.56847e+06
20 12 3.70613e+06
20 13 2.63567e+06
20 14 3.75436e+06
20 15 2.18926e+06
20 16 3.24465e+06
20 17 3.16219e+06
20 18 2.81366e+06
20 19 8.32119e+06
20 20 3.62984e+06
20 21 3.97049e+06
20 22 8.62758e+06
20 23 2.92224e+06
20 24 8.04653e+06
20 25 8.46773e+06
20 26 2.41286e+06
20 27 3.11366e+06
20 28 8.36395e+06
20 29 2.98779e+06
20 30 8.33597e+06
20 31 2.20332e+06
21 0 2.07142e+06
21 1 2.47991e+06
21 2 2.66833e+06
21 3 8.62457e+06
21 4 3.06069e+06
21 5 2.98071e+06
21 6 8.00279e+06
21 7 8.53416e+06
21 8 3.97221e+06
21 9 8.00356e+06
21 10 3.33386e+06
21 11 3.41114e+06
21 12 2.88480e+06
21 13 2.90441e+06
21 14 3.56970e+06
21 15 8.23760e+06
21 16 3.17672e+06
21 17 3.27430e+06
21 18 3.87663e+06
21 19 2.97798e+06
21 20 2.28100e+06
21 21 8.29644e+06
21 22 2.86292e+06
21 23 8.16678e+06
21 24 2.36735e+06
21 25 2.64680e+06
21 26 2.67721e+06
21 27 8.95848e+06
21 28 2.50301e+06
21 29 8.89517e+06
21 30 3.50261e+06
21 31 2.07854e+06
22 0 8.67456e+06
22 1 8.65649e+06
22 2 8.97979e+06
22 3 3.27706e+06
22 4 8.49817e+06
22 5 8.19092e+06
22 6 3.09908e+06
22 7 3.06126e+06
22 8 2.05998e+06
22 9 3.67561e+06
22 10 8.63842e+06
22 11 2.21867e+06
22 12 8.82397e+06
22 13 8.46725e+06
22 14 8.84124e+06
22 15 3.53919e+06
22 16 8.40583e+06
22 17 3.30254e+06
22 18 8.76528e+06
22 19 2.51192e+06
22 20 3.75973e+06
22 21 2.50750e+06
22 22 2.67569e+06
22 23 3.12854e+06
22 24 8.81109e+06
22 25 8.97025e+06
22 26 8.98745e+06
22 27 2.97582e+06
22 28 2.07352e+06
22 29 2.39761e+06
22 30 8.00235e+06
22 31 3.86646e+06
23 0 3.86799e+06
23 1 2.09931e+06
23 2 2.39562e+06
23 3 2.06721e+06
23 4 2.96971e+06
23 5 3.74785e+06
23 6 2.97046e+06
23 7 3.66485e+06
23 8 8.38522e+06
23 9 3.47814e+06
23 10 3.62190e+06
23 11 8.24409e+06
23 12 2.06636e+06
23 13 2.21972e+06
23 14 3.62795e+06
23 15 2.46824e+06
23 16 2.17181e+06
23 17 8.95154e+06
23 18 3.06633e+06
23 19 8.91593e+06
23 20 8.16601e+06
23 21 2.26523e+06
23 22 8.06748e+06
23 23 2.37477e+06
23 24 2.06527e+06
23 25 2.75042e+06
23 26 2.97386e+06
23 27 3.23520e+06
23 28 8.07409e+06
23 29 3.24634e+06
23 30 2.69864e+06
23 31 8.80318e+06
24 0 3.35747e+06
24 1 3.80543e+06
24 2 2.06108e+06
24 3 2.13761e+06
24 4 2.78691e+06
24 5 2.54059e+06
24 6 3.78095e+06
24 7 3.19498e+06
24 8 2.17415e+06
24 9 3.90835e+06
24 10 2.96910e+06
24 11 3.18181e+06
24 12 3.06485e+06
24 13 2.21948e+06
24 14 3.79689e+06
24 15 3.48073e+06
24 16 3.00100e+06
24 17 2.11191e+06
24 18 3.90951e+06
24 19 2.93351e+06
24 20 2.70512e+06
24 21 3.09001e+06
24 22 2.02731e+06
24 23 3.06338e+06
24 24 2.66392e+06
24 25 2.65981e+06
24 26 2.52444e+06
24 27 2.42756e+06
24 28 3.29014e+06
24 29 2.05263e+06
24 30 2.30268e+06
24 31 2.72186e+06
25 0 3.51548e+06
25 1 3.88957e+06
25 2 3.48815e+06
25 3 2.63920e+06
25 4 3.34286e+06
25 5 2.41692e+06
25 6 3.59792e+06
25 7 2.67062e+06
25 8 3.60418e+06
25 9 2.06385e+06
25 10 3.51350e+06
25 11 2.91876e+06
25 12 3.43299e+06
25 13 2.53977e+06
25 14 2.85848e+06
25 15 3.38564e+06
25 16 3.04318e+06
25 17 3.63371e+06
25 18 2.53550e+06
25 19 2.50802e+06
25 20 3.18684e+06
25 21 3.65561e+06
25 22 2.74812e+06
25 23 2.71007e+06
25 24 3.49749e+06
25 25 2.68421e+06
25 26 3.15919e+06
25 27 3.29132e+06
25 28 2.55794e+06
25 29 2.63758e+06
25 30 2.99344e+06
25 31 3.28841e+06
26 0 3.48626e+06
26 1 2.98173e+06
26 2 3.00004e+06
26 3 3.06173e+06
26 4 3.48252e+06
26 5 3.12996e+06
26 6 3.46868e+06
26 7 2.59845e+06
26 8 3.97829e+06
26 9 2.71374e+06
26 10 2.83409e+06
26 11 2.10068e+06
26 12 2.35860e+06
26 13 3.04927e+06
26 14 2.66866e+06
26 15 3.64816e+06
26 16 2.18033e+06
26 17 3.05784e+06
26 18 2.50017e+06
26 19 2.86244e+06
26 20 3.17036e+06
26 21 3.67401e+06
26 22 3.84537e+06
26 23 2.62957e+06
26 24 3.28873e+06
26 25 3.63424e+06
26 26 3.75666e+06
26 27 2.76128e+06
26 28 3.03572e+06
26 29 3.06600e+06
26 30 3.61730e+06
26 31 2.13589e+06
27 0 2.78445e+06
27 1 2.97851e+06
27 2 2.95984e+06
27 3 3.30889e+06
27 4 3.04010e+06
27 5 3.28062e+06
27 6 2.10266e+06
27 7 2.90519e+06
27 8 2.13389e+06
27 9 3.32531e+06
27 10 3.94357e+06
27 11 2.45738e+06
27 12 2.67307e+06
27 13 3.94530e+06
27 14 3.19329e+06
27 15 3.65596e+06
27 16 3.80933e+06
27 17 3.38870e+06
27 18 3.85535e+06
27 19 3.40506e+06
27 20 3.33536e+06
27 21 3.66670e+06
27 22 3.09296e+06
27 23 3.45348e+06
27 24 2.33848e+06
27 25 3.06337e+06
27 26 2.12190e+06
27 27 2.20743e+06
27 28 2.49133e+06
27 29 2.65355e+06
27 30 3.26574e+06
27 31 2.41582e+06
28 0 3.31096e+06
28 1 2.67544e+06
28 2 3.80944e+06
28 3 2.81524e+06
28 4 2.69543e+06
28 5 2.83406e+06
28 6 2.14577e+06
28 7 2.84529e+06
28 8 3.87880e+06
28 9 2.56300e+06
28 10 3.97595e+06
28 11 3.66838e+06
28 12 2.37543e+06
28 13 3.42082e+06
28 14 3.80398e+06
28 15 2.58674e+06
28 16 3.76878e+06
28 17 2.42481e+06
28 18 2.13716e+06
28 19 2.80466e+06
28 20 3.29605e+06
28 21 2.40743e+06
28 22 2.94777e+06
28 23 3.03155e+06
28 24 3.90441e+06
28 25 3.04224e+06
28 26 2.88175e+06
28 27 2.75502e+06
28 28 2.59502e+06
28 29 3.20438e+06
28 30 3.37680e+06
28 31 2.07921e+06
29 0 2.34237e+06
29 1 8.04818e+06
29 2 8.23918e+06
29 3 8.70231e+06
29 4 8.61092e+06
29 5 2.41195e+06
29 6 2.17705e+06
29 7 8.53556e+06
29 8 8.88344e+06
29 9 2.46077e+06
29 10 3.72830e+06
29 11 2.03129e+06
29 12 2.64385e+06
29 13 2.62372e+06
29 14 8.50040e+06
29 15 2.61874e+06
29 16 2.87798e+06
29 17 3.08656e+06
29 18 2.59880e+06
29 19 8.63446e+06
29 20 2.86674e+06
29 21 3.08884e+06
29 22 8.88080e+06
29 23 8.51153e+06
29 24 3.08654e+06
29 25 3.54862e+06
29 26 2.16852e+06
29 27 2.52572e+06
29 28 8.51103e+06
29 29 8.54526e+06
29 30 3.27914e+06
29 31 2.93872e+06
30 0 8.42056e+06
30 1 8.21947e+06
30 2 8.95040e+06
30 3 8.11467e+06
30 4 8.21623e+06
30 5 8.64245e+06
30 6 3.59670e+06
30 7 8.09087e+06
30 8 3.36768e+06
30 9 3.42226e+06
30 10 8.74444e+06
30 11 3.72742e+06
30 12 8.32095e+06
30 13 2.58291e+06
30 14 2.75491e+06
30 15 8.12302e+06
30 16 3.56345e+06
30 17 8.55024e+06
30 18 8.67849e+06
30 19 8.03406e+06
30 20 8.07739e+06
30 21 3.74989e+06
30 22 2.61794e+06
30 23 2.40899e+06
30 24 8.56575e+06
30 25 2.24053e+06
30 26 3.12648e+06
30 27 8.88670e+06
30 28 8.13088e+06
30 29 2.26984e+06
30 30 8.14742e+06
30 31 8.93306e+06
31 0 8.30704e+06
31 1 2.22241e+06
31 2 3.71888e+06
31 3 3.93730e+06
31 4 2.52429e+06
31 5 8.24895e+06
31 6 8.32028e+06
31 7 3.48509e+06
31 8 3.56747e+06
31 9 8.84774e+06
31 10 2.90948e+06
31 11 8.26243e+06
31 12 3.09713e+06
31 13 8.87319e+06
31 14 8.62646e+06
31 15 8.90428e+06
31 16 8.98304e+06
31 17 8.84064e+06
31 18 8.54522e+06
31 19 3.16840e+06
31 20 3.50386e+06
31 21 8.84661e+06
31 22 3.90168e+06
31 23 3.35621e+06
31 24 8.40647e+06
31 25 8.91199e+06
31 26 8.34600e+06
31 27 3.24585e+06
31 28 3.72221e+06
31 29 3.82763e+06
31 30 3.71969e+06
31 31 3.98261e+06
32 0 2.55385e+06
32 1 3.56050e+06
32 2 3.61098e+06
32 3 3.06267e+06
32 4 2.08891e+06
32 5 2.21142e+06
32 6 8.24554e+06
32 7 2.84867e+06
32 8 8.00779e+06
32 9 8.47885e+06
32 10 2.49337e+06
32 11 3.33809e+06
32 12 8.44677e+06
32 13 8.83914e+06
32 14 3.90821e+06
32 15 3.66369e+06
32 16 8.32854e+06
32 17 2.88908e+06
32 18 3.27177e+06
32 19 2.74716e+06
32 20 2.48357e+06
32 21 3.71270e+06
32 22 8.16922e+06
32 23 8.41622e+06
32 24 3.83095e+06
32 25 2.69330e+06
32 26 3.53612e+06
32 27 3.04586e+06
32 28 2.41983e+06
32 29 8.90546e+06
32 30 8.21576e+06
32 31 2.85412e+06
33 0 2.09234e+06
33 1 2.77948e+06
33 2 3.15344e+06
33 3 2.65029e+06
33 4 3.50987e+06
33 5 2.28408e+06
33 6 2.26417e+06
33 7 2.85871e+06
33 8 3.77072e+06
33 9 3.32088e+06
33 10 3.56885e+06
33 11 3.00042e+06
33 12 3.10546e+06
33 13 3.27855e+06
33 14 3.08563e+06
33 15 3.62059e+06
33 16 2.52125e+06
33 17 2.17080e+06
33 18 3.59674e+06
33 19 2.44339e+06
33 20 3.30092e+06
33 21 3.79955e+06
33 22 3.02713e+06
33 23 3.60234e+06
33 24 3.79119e+06
33 25 2.66924e+06
33 26 2.46618e+06
33 27 2.82648e+06
33 28 2.79819e+06
33 29 3.31755e+06
33 30 2.36118e+06
33 31 3.91074e+06
34 0 2.19426e+06
34 1 2.48338e+06
34 2 2.36584e+06
34 3 2.21126e+06
34 4 2.48557e+06
34 5 2.33292e+06
34 6 3.44545e+06
34 7 2.24975e+06
34 8 3.79801e+06
34 9 2.09511e+06
34 10 3.76568e+06
34 11 2.43599e+06
34 12 2.54962e+06
34 13 2.51074e+06
34 14 3.08021e+06
34 15 3.11400e+06
34 16 2.89131e+06
34 17 2.11468e+06
34 18 3.00340e+06
34 19 2.43799e+06
34 20 3.71475e+06
34 21 2.43573e+06
34 22 3.98518e+06
34 23 3.35714e+06
34 24 2.96501e+06
34 25 3.14923e+06
34 26 3.17472e+06
34 27 2.43558e+06
34 28 3.77577e+06
34 29 3.35066e+06
34 30 3.14661e+06
34 31 3.44849e+06
35 0 3.64692e+06
35 1 2.80782e+06
35 2 2.47986e+06
35 3 3.22192e+06
35 4 2.88480e+06
35 5 3.24192e+06
35 6 2.22071e+06
35 7 2.04887e+06
35 8 3.25188e+06
35 9 2.69757e+06
35 10 3.82742e+06
35 11 3.14323e+06
35 12 2.48300e+06
35 13 2.17733e+06
35 14 2.62222e+06
35 15 2.52593e+06
35 16 3.68800e+06
35 17 3.25890e+06
35 18 3.30162e+06
35 19 3.04446e+06
35 20 2.16874e+06
35 21 2.15396e+06
35 22 2.91169e+06
35 23 3.89202e+06
35 24 2.88548e+06
35 25 3.72788e+06
35 26 2.91795e+06
35 27 3.71711e+06
35 28 2.51306e+06
35 29 3.48912e+06
35 30 2.32713e+06
35 31 3.16178e+06
36 0 3.38966e+06
36 1 2.19291e+06
36 2 3.77302e+06
36 3 3.55760e+06
36 4 3.37559e+06
36 5 3.14742e+06
36 6 2.23499e+06
36 7 2.58037e+06
36 8 2.27574e+06
36 9 2.90268e+06
36 10 3.11657e+06
36 11 2.24438e+06
36 12 2.48629e+06
36 13 3.67651e+06
36 14 2.14247e+06
36 15 3.36113e+06
36 16 2.39241e+06
36 17 3.59236e+06
36 18 3.59191e+06
36 19 2.86685e+06
36 20 3.94418e+06
36 21 2.94843e+06
36 22 2.85208e+06
36 23 2.18312e+06
36 24 2.62351e+06
36 25 2.39713e+06
36 26 3.72196e+06
36 27 3.72202e+06
36 28 3.93360e+06
36 29 3.68436e+06
36 30 3.81210e+06
36 31 3.08052e+06
37 0 2.63420e+06
37 1 2.26395e+06
37 2 2.05735e+06
37 3 2.84691e+06
37 4 2.71846e+06
37 5 2.10416e+06
37 6 3.28144e+06
37 7 2.63504e+06
37 8 2.43560e+06
37 9 2.48181e+06
37 10 3.19774e+06
37 11 3.34233e+06
37 12 2.30832e+06
37 13 3.16944e+06
37 14 2.36396e+06
37 15 2.46731e+06
37 16 2.60770e+06
37 17 3.38238e+06
37 18 2.46675e+06
37 19 3.48261e+06
37 20 2.06292e+06
37 21 3.67005e+06
37 22 2.42643e+06
37 23 3.81688e+06
37 24 2.11063e+06
37 25 3.34490e+06
37 26 3.32167e+06
37 27 2.56788e+06
37 28 3.23831e+06
37 29 3.03331e+06
37 30 2.15469e+06
37 31 3.41088e+06
38 0 3.90044e+06
38 1 8.44278e+06
38 2 2.97980e+06
38 3 2.18165e+06
38 4 3.47268e+06
38 5 8.40572e+06
38 6 8.69390e+06
38 7 3.30738e+06
38 8 2.36428e+06
38 9 3.43009e+06
38 10 2.29775e+06
38 11 3.19917e+06
38 12 8.76764e+06
38 13 8.03406e+06
38 14 2.18598e+06
38 15 8.56975e+06
38 16 2.96659e+06
38 17 2.69062e+06
38 18 8.04589e+06
38 19 8.66073e+06
38 20 8.65950e+06
38 21 8.71807e+06
38 22 2.38650e+06
38 23 3.01991e+06
38 24 3.50758e+06
38 25 3.80366e+06
38 26 2.70776e+06
38 27 3.23079e+06
38 28 8.65462e+06
38 29 2.30374e+06
38 30 2.67707e+06
38 31 2.01006e+06
39 0 8.71183e+06
39 1 3.91227e+06
39 2 2.33585e+06
39 3 2.53294e+06
39 4 8.92320e+06
39 5 3.45732e+06
39 6 3.30762e+06
39 7 8.49067e+06
39 8 8.32644e+06
39 9 3.71236e+06
39 10 8.67612e+06
39 11 8.11009e+06
39 12 3.87132e+06
39 13 2.12206e+06
39 14 2.92698e+06
39 15 2.76913e+06
39 16 2.67562e+06
39 17 3.89363e+06
39 18 2.22492e+06
39 19 3.69467e+06
39 20 3.67143e+06
39 21 2.82754e+06
39 22 3.66551e+06
39 23 3.22981e+06
39 24 8.98402e+06
39 25 8.89631e+06
39 26 8.80096e+06
39 27 3.55898e+06
39 28 3.65240e+06
39 29 8.27460e+06
39 30 8.07076e+06
39 31 3.56503e+06
40 0 2.87749e+06
40 1 3.15042e+06
40 2 8.92997e+06
40 3 8.62647e+06
40 4 3.36683e+06
40 5 3.47568e+06
40 6 3.49826e+06
40 7 3.87146e+06
40 8 2.21388e+06
40 9 8.38878e+06
40 10 2.90079e+06
40 11 2.11269e+06
40 12 3.63743e+06
40 13 3.16928e+06
40 14 8.93686e+06
40 15 3.07720e+06
40 16 8.02684e+06
40 17 8.82701e+06
40 18 3.03153e+06
40 19 3.35976e+06
40 20 2.09972e+06
40 21 3.00549e+06
40 22 8.03351e+06
40 23 8.71631e+06
40 24 2.71184e+06
40 25 2.59657e+06
40 26 2.50744e+06
40 27 8.41887e+06
40 28 3.31139e+06
40 29 3.64204e+06
40 30 2.95047e+06
40 31 8.26817e+06
41 0 2.76312e+06
41 1 2.11956e+06
41 2 3.42539e+06
41 3 2.56201e+06
41 4 3.40809e+06
41 5 2.12681e+06
41 6 3.16637e+06
41 7 2.91577e+06
41 8 3.23289e+06
41 9 3.46210e+06
41 10 2.41134e+06
41 11 2.30500e+06
41 12 3.45652e+06
41 13 2.57022e+06
41 14 3.83005e+06
41 15 3.98341e+06
41 16 3.97498e+06
41 17 3.90763e+06
41 18 3.67568e+06
41 19 2.27330e+06
41 20 3.09177e+06
41 21 2.25088e+06
41 22 3.05949e+06
41 23 2.15497e+06
41 24 2.79174e+06
41 25 2.99304e+06
41 26 3.90506e+06
41 27 3.83921e+06
41 28 3.09291e+06
41 29 2.34273e+06
41 30 3.61064e+06
41 31 2.01659e+06
42 0 3.53103e+06
42 1 2.46956e+06
42 2 3.00094e+06
42 3 2.88017e+06
42 4 2.88461e+06
42 5 8.19258e+06
42 6 3.48006e+06
42 7 2.48096e+06
42 8 3.87932e+06
42 9 2.27553e+06
42 10 3.79930e+06
42 11 8.62580e+06
42 12 8.06204e+06
42 13 8.45061e+06
42 14 3.28548e+06
42 15 3.51044e+06
42 16 8.64163e+06
42 17 2.14719e+06
42 18 3.84158e+06
42 19 3.71680e+06
42 20 8.41169e+06
42 21 2.26457e+06
42 22 3.65816e+06
42 23 3.70123e+06
42 24 3.77104e+06
42 25 3.77981e+06
42 26 8.41103e+06
42 27 2.76963e+06
42 28 2.50266e+06
42 29 2.65995e+06
42 30 3.06156e+06
42 31 8.39608e+06
43 0 8.49867e+06
43 1 8.01276e+06
43 2 2.94218e+06
43 3 8.65497e+06
43 4 8.90237e+06
43 5 3.86881e+06
43 6 8.06071e+06
43 7 3.52780e+06
43 8 8.10421e+06
43 9 8.78273e+06
43 10 3.52517e+06
43 11 2.87035e+06
43 12 2.72074e+06
43 13 2.38197e+06
43 14 8.85611e+06
43 15 3.96091e+06
43 16 2.47376e+06
43 17 8.28915e+06
43 18 2.99646e+06
43 19 2.39967e+06
43 20 2.64295e+06
43 21 8.34321e+06
43 22 3.02375e+06
43 23 8.56778e+06
43 24 2.04248e+06
43 25 3.00283e+06
43 26 2.31681e+06
43 27 8.78072e+06
43 28 8.76565e+06
43 29 8.84327e+06
43 30 8.97866e+06
43 31 3.53467e+06
44 0 2.37375e+06
44 1 3.64239e+06
44 2 8.57645e+06
44 3 2.91485e+06
44 4 2.66172e+06
44 5 3.96880e+06
44 6 3.46992e+06
44 7 8.29997e+06
44 8 2.82126e+06
44 9 2.27720e+06
44 10 8.25335e+06
44 11 3.66444e+06
44 12 2.37758e+06
44 13 2.88506e+06
44 14 2.06077e+06
44 15 8.04878e+06
44 16 3.40447e+06
44 17 3.55006e+06
44 18 8.81843e+06
44 19 8.53642e+06
44 20 3.61293e+06
44 21 3.20590e+06
44 22 8.36782e+06
44 23 2.74097e+06
44 24 8.49111e+06
44 25 8.47748e+06
44 26 2.72259e+06
44 27 3.59350e+06
44 28 2.46675e+06
44 29 3.61259e+06
44 30 3.41897e+06
44 31 3.99427e+06
45 0 2.97953e+06
45 1 2.03081e+06
45 2 3.36394e+06
45 3 3.75074e+06
45 4 2.84862e+06
45 5 3.71788e+06
45 6 3.94120e+06
45 7 3.48130e+06
45 8 3.96870e+06
45 9 3.17642e+06
45 10 2.56990e+06
45 11 3.23478e+06
45 12 2.00240e+06
45 13 2.78682e+06
45 14 2.41694e+06
45 15 3.05712e+06
45 16 2.75094e+06
45 17 3.82838e+06
45 18 3.30504e+06
45 19 3.08609e+06
45 20 3.20280e+06
45 21 2.53060e+06
45 22 2.42657e+06
45 23 3.24478e+06
45 24 2.57614e+06
45 25 3.06792e+06
45 26 3.48326e+06
45 27 2.22763e+06
45 28 2.72223e+06
45 29 2.44438e+06
45 30 2.29727e+06
45 31 2.45531e+06
46 0 2.89117e+06
46 1 8.14789e+06
46 2 2.08486e+06
46 3 8.41084e+06
46 4 8.79892e+06
46 5 3.57112e+06
46 6 3.73386e+06
46 7 8.84318e+06
46 8 8.02686e+06
46 9 8.79788e+06
46 10 3.34645e+06
46 11 3.04026e+06
46 12 8.40547e+06
46 13 8.48090e+06
46 14 2.90993e+06
46 15 2.10287e+06
46 16 8.83391e+06
46 17 8.82979e+06
46 18 3.83460e+06
46 19 8.73431e+06
46 20 3.57924e+06
46 21 8.37656e+06
46 22 8.96485e+06
46 23 3.99510e+06
46 24 2.50069e+06
46 25 8.75352e+06
46 26 3.41180e+06
46 27 2.31765e+06
46 28 8.60048e+06
46 29 3.99955e+06
46 30 3.31623e+06
46 31 3.83908e+06
47 0 8.72643e+06
47 1 2.33798e+06
47 2 8.38099e+06
47 3 3.88725e+06
47 4 2.39411e+06
47 5 8.00472e+06
47 6 2.17247e+06
47 7 2.21184e+06
47 8 3.35329e+06
47 9 3.61352e+06
47 10 8.78341e+06
47 11 3.72774e+06
47 12 3.39923e+06
47 13 3.35374e+06
47 14 8.28068e+06
47 15 3.51375e+06
47 16 3.94461e+06
47 17 2.59107e+06
47 18 3.01968e+06
47 19 2.01131e+06
47 20 3.59837e+06
47 21 2.11622e+06
47 22 2.28553e+06
47 23 3.03469e+06
47 24 8.50679e+06
47 25 2.82561e+06
47 26 8.25372e+06
47 27 2.71166e+06
47 28 3.97220e+06
47 29 8.10776e+06
47 30 8.55046e+06
47 31 3.28400e+06
48 0 3.41873e+06
48 1 3.29823e+06
48 2 3.04330e+06
48 3 3.27542e+06
48 4 3.64344e+06
48 5 2.35520e+06
48 6 8.67853e+06
48 7 3.36312e+06
48 8 3.97660e+06
48 9 3.00756e+06
48 10 2.24563e+06
48 11 8.82542e+06
48 12 3.25051e+06
48 13 2.41521e+06
48 14 2.01730e+06
48 15 8.02623e+06
48 16 3.28740e+06
48 17 2.30369e+06
48 18 8.67112e+06
48 19 3.54297e+06
48 20 8.94330e+06
48 21 2.91551e+06
48 22 2.10445e+06
48 23 8.08456e+06
48 24 3.45807e+06
48 25 2.02953e+06
48 26 2.01245e+06
48 27 8.43517e+06
48 28 2.41431e+06
48 29 2.85097e+06
48 30 2.45861e+06
48 31 8.15238e+06
49 0 3.50937e+06
49 1 3.46344e+06
49 2 2.19346e+06
49 3 3.91539e+06
49 4 2.85984e+06
49 5 2.79718e+06
49 6 2.73840e+06
49 7 2.92652e+06
49 8 3.53366e+06
49 9 2.97919e+06
49 10 2.81464e+06
49 11 3.81610e+06
49 12 3.08612e+06
49 13 2.63621e+06
49 14 3.45416e+06
49 15 3.71434e+06
49 16 3.72020e+06
49 17 3.69582e+06
49 18 2.39456e+06
49 19 3.52958e+06
49 20 2.56640e+06
49 21 3.44442e+06
49 22 3.36662e+06
49 23 2.45307e+06
49 24 2.40523e+06
49 25 3.40553e+06
49 26 2.74869e+06
49 27 3.16556e+06
49 28 3.51417e+06
49 29 2.80868e+06
49 30 2.36446e+06
49 31 2.53632e+06
50 0 2.55205e+06
50 1 3.29549e+06
50 2 3.63630e+06
50 3 2.48141e+06
50 4 3.77554e+06
50 5 2.26786e+06
50 6 3.37006e+06
50 7 2.42433e+06
50 8 2.67340e+06
50 9 3.75410e+06
50 10 2.55057e+06
50 11 2.21603e+06
50 12 2.87807e+06
50 13 2.26762e+06
50 14 2.70823e+06
50 15 3.97655e+06
50 16 2.80377e+06
50 17 3.56971e+06
50 18 2.22237e+06
50 19 2.84214e+06
50 20 3.30691e+06
50 21 2.67800e+06
50 22 3.21712e+06
50 23 2.79601e+06
50 24 2.43255e+06
50 25 3.01349e+06
50 26 3.80299e+06
50 27 3.17236e+06
50 28 3.77266e+06
50 29 2.80059e+06
50 30 2.33271e+06
50 31 3.52769e+06
51 0 3.35941e+06
51 1 2.90185e+06
51 2 3.63509e+06
51 3 3.35224e+06
51 4 2.78237e+06
51 5 2.06178e+06
51 6 3.19588e+06
51 7 2.19704e+06
51 8 3.32476e+06
51 9 2.70628e+06
51 10 3.43334e+06
51 11 3.03399e+06
51 12 2.57485e+06
51 13 3.34293e+06
51 14 3.56089e+06
51 15 3.85897e+06
51 16 3.26386e+06
51 17 2.54166e+06
51 18 2.59471e+06
51 19 2.11363e+06
51 20 2.97931e+06
51 21 2.80244e+06
51 22 2.43931e+06
51 23 3.39314e+06
51 24 3.95267e+06
51 25 2.76253e+06
51 26 2.63669e+06
51 27 3.85168e+06
51 28 2.94446e+06
51 29 2.22385e+06
51 30 2.29921e+06
51 31 3.61102e+06
52 0 3.31020e+06
52 1 3.09402e+06
52 2 3.44488e+06
52 3 2.57813e+06
52 4 3.53823e+06
52 5 3.87828e+06
52 6 3.57873e+06
52 7 3.64715e+06
52 8 2.48833e+06
52 9 2.89889e+06
52 10 8.87258e+06
52 11 2.28631e+06
52 12 3.00332e+06
52 13 8.52368e+06
52 14 2.87331e+06
52 15 2.81903e+06
52 16 3.97047e+06
52 17 8.83984e+06
52 18 2.79284e+06
52 19 3.17149e+06
52 20 3.94570e+06
52 21 3.05396e+06
52 22 2.81256e+06
52 23 2.12928e+06
52 24 3.18647e+06
52 25 2.12986e+06
52 26 3.19417e+06
52 27 3.15016e+06
52 28 2.31783e+06
52 29 2.84862e+06
52 30 8.00386e+06
52 31 2.20851e+06
53 0 8.73409e+06
53 1 2.59264e+06
53 2 2.29973e+06
53 3 3.34362e+06
53 4 2.79358e+06
53 5 2.60261e+06
53 6 8.92498e+06
53 7 2.35002e+06
53 8 8.51158e+06
53 9 3.92706e+06
53 10 3.79240e+06
53 11 8.09659e+06
53 12 8.90940e+06
53 13 2.33953e+06
53 14 2.87311e+06
53 15 2.00068e+06
53 16 3.11895e+06
53 17 2.64205e+06
53 18 2.84151e+06
53 19 8.27019e+06
53 20 3.49698e+06
53 21 3.78847e+06
53 22 8.03262e+06
53 23 3.49532e+06
53 24 8.52234e+06
53 25 8.38325e+06
53 26 8.25502e+06
53 27 8.89456e+06
53 28 3.62184e+06
53 29 3.22709e+06
53 30 3.90992e+06
53 31 8.23512e+06
54 0 2.23800e+06
54 1 8.60418e+06
54 2 8.12747e+06
54 3 8.31047e+06
54 4 8.94361e+06
54 5 8.03313e+06
54 6 2.41206e+06
54 7 8.25999e+06
54 8 3.36036e+06
54 9 8.68479e+06
54 10 3.65316e+06
54 11 2.00916e+06
54 12 3.52482e+06
54 13 2.29531e+06
54 14 8.38515e+06
54 15 8.76285e+06
54 16 8.63192e+06
54 17 3.65912e+06
54 18 8.63162e+06
54 19 3.45722e+06
54 20 8.55425e+06
54 21 8.09038e+06
54 22 3.11062e+06
54 23 8.03726e+06
54 24 3.93541e+06
54 25 2.46850e+06
54 26 2.25003e+06
54 27 3.61875e+06
54 28 8.62502e+06
54 29 8.89451e+06
54 30 2.03182e+06
54 31 2.43812e+06
55 0 2.99673e+06
55 1 2.37791e+06
55 2 3.03719e+06
55 3 2.13599e+06
55 4 3.51015e+06
55 5 2.66587e+06
55 6 2.17333e+06
55 7 3.33197e+06
55 8 3.05569e+06
55 9 3.94592e+06
55 10 2.78005e+06
55 11 3.53336e+06
55 12 3.15211e+06
55 13 2.95216e+06
55 14 2.09926e+06
55 15 2.41546e+06
55 16 3.44069e+06
55 17 3.64436e+06
55 18 3.38769e+06
55 19 3.06858e+06
55 20 2.59793e+06
55 21 2.13874e+06
55 22 2.25516e+06
55 23 3.62263e+06
55 24 3.79194e+06
55 25 2.40701e+06
55 26 2.77671e+06
55 27 3.21762e+06
55 28 2.23258e+06
55 29 2.43980e+06
55 30 3.91503e+06
55 31 3.84542e+06
56 0 3.91949e+06
56 1 3.37355e+06
56 2 3.94595e+06
56 3 2.50958e+06
56 4 8.53118e+06
56 5 2.93414e+06
56 6 8.83966e+06
56 7 3.78878e+06
56 8 8.65795e+06
56 9 2.37841e+06
56 10 2.99581e+06
56 11 8.41227e+06
56 12 3.49533e+06
56 13 8.90207e+06
56 14 8.49956e+06
56 15 2.43857e+06
56 16 8.69662e+06
56 17 8.94595e+06
56 18 2.18374e+06
56 19 2.50613e+06
56 20 8.75224e+06
56 21 2.55757e+06
56 22 8.42864e+06
56 23 8.32529e+06
56 24 8.45052e+06
56 25 3.62756e+06
56 26 3.63538e+06
56 27 2.95983e+06
56 28 3.75144e+06
56 29 8.80860e+06
56 30 2.05138e+06
56 31 2.64065e+06
57 0 8.88369e+06
57 1 8.39080e+06
57 2 8.15711e+06
57 3 2.44808e+06
57 4 2.43204e+06
57 5 8.26367e+06
57 6 2.41135e+06
57 7 3.03312e+06
57 8 3.20528e+06
57 9 3.33424e+06
57 10 3.38961e+06
57 11 3.83364e+06
57 12 3.29107e+06
57 13 3.10435e+06
57 14 3.18807e+06
57 15 8.67706e+06
57 16 3.27806e+06
57 17 3.14366e+06
57 18 8.51500e+06
57 19 8.97679e+06
57 20 3.77313e+06
57 21 8.78143e+06
57 22 2.00200e+06
57 23 2.63814e+06
57 24 2.00360e+06
57 25 2.78687e+06
57 26 3.96235e+06
57 27 8.89908e+06
57 28 3.27037e+06
57 29 2.53248e+06
57 30 3.94222e+06
57 31 8.34823e+06
58 0 3.17054e+06
58 1 2.73697e+06
58 2 3.60066e+06
58 3 8.69899e+06
58 4 3.58081e+06
58 5 2.05046e+06
58 6 2.77654e+06
58 7 8.15237e+06
58 8 3.50104e+06
58 9 8.29183e+06
58 10 8.71591e+06
58 11 3.97394e+06
58 12 8.78139e+06
58 13 2.06588e+06
58 14 2.48217e+06
58 15 2.19190e+06
58 16 3.77527e+06
58 17 2.57204e+06
58 18 2.59036e+06
58 19 3.51639e+06
58 20 2.89360e+06
58 21 3.72935e+06
58 22 2.83632e+06
58 23 3.97210e+06
58 24 3.42353e+06
58 25 8.79202e+06
58 26 8.53254e+06
58 27 2.51619e+06
58 28 8.90112e+06
58 29 2.58300e+06
58 30 8.22868e+06
58 31 2.51969e+06
59 0 2.44762e+06
59 1 3.25124e+06
59 2 2.90760e+06
59 3 8.88562e+06
59 4 3.89861e+06
59 5 8.76740e+06
59 6 8.72876e+06
59 7 2.30718e+06
59 8 8.53145e+06
59 9 3.35022e+06
59 10 3.21926e+06
59 11 8.44254e+06
59 12 3.00880e+06
59 13 2.10773e+06
59 14 8.55476e+06
59 15 3.49507e+06
59 16 2.39747e+06
59 17 3.39827e+06
59 18 8.15364e+06
59 19 8.00908e+06
59 20 3.63197e+06
59 21 2.83992e+06
59 22 8.49557e+06
59 23 8.73285e+06
59 24 8.74604e+06
59 25 2.75010e+06
59 26 2.16764e+06
59 27 2.96202e+06
59 28 3.81688e+06
59 29 8.96948e+06
59 30 8.29994e+06
59 31 3.75613e+06
60 0 8.68029e+06
60 1 8.93909e+06
60 2 8.91742e+06
60 3 2.68892e+06
60 4 8.30006e+06
60 5 3.11807e+06
60 6 2.45791e+06
60 7 3.90691e+06
60 8 3.10359e+06
60 9 2.72204e+06
60 10 3.14947e+06
60 11 2.54284e+06
60 12 2.69452e+06
60 13 8.69429e+06
60 14 3.71443e+06
60 15 8.55786e+06
60 16 8.89490e+06
60 17 8.13086e+06
60 18 2.21112e+06
60 19 2.13760e+06
60 20 2.19667e+06
60 21 8.73357e+06
60 22 2.31974e+06
60 23 2.82637e+06
60 24 2.23662e+06
60 25 8.74523e+06
60 26 2.67542e+06
60 27 2.45468e+06
60 28 8.68594e+06
60 29 2.04572e+06
60 30 3.72468e+06
60 31 2.37654e+06
61 0 2.51019e+06
61 1 2.16225e+06
61 2 3.65063e+06
61 3 3.56104e+06
61 4 3.34253e+06
61 5 3.70820e+06
61 6 3.28388e+06
61 7 8.65125e+06
61 8 3.16714e+06
61 9 8.01410e+06
61 10 8.88633e+06
61 11 2.20150e+06
61 12 8.29477e+06
61 13 2.90275e+06
61 14 3.92722e+06
61 15 3.08660e+06
61 16 3.98435e+06
61 17 2.88318e+06
61 18 3.18766e+06
61 19 2.36706e+06
61 20 8.60905e+06
61 21 3.19531e+06
61 22 3.33368e+06
61 23 2.19726e+06
61 24 2.07805e+06
61 25 2.33060e+06
61 26 8.58432e+06
61 27 8.08727e+06
61 28 2.07950e+06
61 29 2.89881e+06
61 30 3.79281e+06
61 31 8.23649e+06
62 0 3.01191e+06
62 1 3.85877e+06
62 2 2.16694e+06
62 3 3.35066e+06
62 4 2.87729e+06
62 5 2.69576e+06
62 6 2.96896e+06
62 7 3.35947e+06
62 8 3.02364e+06
62 9 3.62230e+06
62 10 2.91285e+06
62 11 3.01570e+06
62 12 2.29570e+06
62 13 2.76529e+06
62 14 2.97780e+06
62 15 2.67626e+06
62 16 2.80470e+06
62 17 2.89243e+06
62 18 2.56546e+06
62 19 3.47415e+06
62 20 2.05526e+06
62 21 2.95881e+06
62 22 2.03584e+06
62 23 3.46912e+06
62 24 3.19639e+06
62 25 3.82444e+06
62 26 2.63561e+06
62 27 2.33848e+06
62 28 3.97714e+06
62 29 2.48728e+06
62 30 2.37802e+06
62 31 2.06338e+06
63 0 3.39815e+06
63 1 3.55143e+06
63 2 2.26634e+06
63 3 2.01343e+06
63 4 3.66700e+06
63 5 2.89205e+06
63 6 2.30369e+06
63 7 2.07313e+06
63 8 2.16519e+06
63 9 2.03851e+06
63 10 3.42759e+06
63 11 3.17122e+06
63 12 2.39634e+06
63 13 3.57929e+06
63 14 2.44062e+06
63 15 3.66467e+06
63 16 3.31771e+06
63 17 2.93132e+06
63 18 2.31044e+06
63 19 3.39343e+06
63 20 3.79831e+06
63 21 3.79710e+06
63 22 2.23935e+06
63 23 3.27461e+06
63 24 3.20863e+06
63 25 2.63841e+06
63 26 3.96890e+06
63 27 2.51689e+06
63 28 3.37236e+06
63 29 3.73745e+06
63 30 3.32144e+06
63 31 3.28468e+06
64 0 3.78181e+06
64 1 2.97358e+06
64 2 2.34678e+06
64 3 3.20434e+06
64 4 3.53771e+06
64 5 2.10848e+06
64 6 3.56386e+06
64 7 3.61841e+06
64 8 3.43914e+06
64 9 2.16775e+06
64 10 3.76881e+06
64 11 3.52577e+06
64 12 3.34454e+06
64 13 2.72857e+06
64 14 2.45242e+06
64 15 3.10514e+06
64 16 3.80270e+06
64 17 2.55808e+06
64 18 2.00132e+06
64 19 3.55399e+06
64 20 3.79987e+06
64 21 3.86942e+06
64 22 3.90425e+06
64 23 2.14768e+06
64 24 3.03286e+06
64 25 2.65956e+06
64 26 3.09650e+06
64 27 2.39582e+06
64 28 2.75338e+06
64 29 3.05722e+06
64 30 3.88246e+06
64 31 3.13374e+06
65 0 3.91858e+06
65 1 2.87172e+06
65 2 2.78188e+06
65 3 2.77354e+06
65 4 2.33451e+06
65 5 2.35422e+06
65 6 2.20121e+06
65 7 3.49724e+06
65 8 3.99231e+06
65 9 3.94960e+06
65 10 3.44171e+06
65 11 2.16593e+06
65 12 2.86302e+06
65 13 3.06470e+06
65 14 3.07358e+06
65 15 3.91509e+06
65 16 3.99076e+06
65 17 3.35075e+06
65 18 2.56719e+06
65 19 3.00381e+06
65 20 3.04821e+06
65 21 3.63577e+06
65 22 3.95171e+06
65 23 2.24102e+06
65 24 2.01501e+06
65 25 2.40847e+06
65 26 3.49850e+06
65 27 3.21139e+06
65 28 3.00865e+06
65 29 3.82827e+06
65 30 3.95141e+06
65 31 2.75282e+06
66 0 3.09443e+06
66 1 8.90661e+06
66 2 3.66276e+06
66 3 3.83198e+06
66 4 3.72396e+06
66 5 3.32562e+06
66 6 8.54528e+06
66 7 2.24037e+06
66 8 8.84173e+06
66 9 8.31632e+06
66 10 2.03723e+06
66 11 3.32319e+06
66 12 3.38881e+06
66 13 3.42331e+06
66 14 3.52422e+06
66 15 3.78567e+06
66 16 8.43920e+06
66 17 3.80733e+06
66 18 3.10162e+06
66 19 2.85099e+06
66 20 8.25085e+06
66 21 3.41782e+06
66 22 2.06183e+06
66 23 3.96319e+06
66 24 3.37787e+06
66 25 3.53443e+06
66 26 8.07030e+06
66 27 8.81354e+06
66 28 8.35447e+06
66 29 8.15818e+06
66 30 8.70184e+06
66 31 8.61679e+06
67 0 8.21589e+06
67 1 2.61270e+06
67 2 8.51495e+06
67 3 2.00230e+06
67 4 8.35897e+06
67 5 2.66166e+06
67 6 2.47475e+06
67 7 3.05009e+06
67 8 3.94252e+06
67 9 2.46248e+06
67 10 8.97240e+06
67 11 3.03396e+06
67 12 8.65099e+06
67 13 3.74295e+06
67 14 2.69513e+06
67 15 8.44053e+06
67 16 2.21687e+06
67 17 3.81705e+06
67 18 3.74180e+06
67 19 3.22247e+06
67 20 2.35559e+06
67 21 3.48644e+06
67 22 8.99262e+06
67 23 8.09223e+06
67 24 8.16280e+06
67 25 8.59701e+06
67 26 2.33378e+06
67 27 3.62123e+06
67 28 2.09775e+06
67 29 3.17085e+06
67 30 2.35780e+06
67 31 3.58431e+06
68 0 2.29859e+06
68 1 3.01702e+06
68 2 2.12094e+06
68 3 8.10292e+06
68 4 3.02885e+06
68 5 8.39337e+06
68 6 3.06174e+06
68 7 8.24678e+06
68 8 2.69290e+06
68 9 2.80698e+06
68 10 2.87702e+06
68 11 8.77804e+06
68 12 2.01952e+06
68 13 8.93878e+06
68 14 8.39844e+06
68 15 3.09280e+06
68 16 2.07223e+06
68 17 8.39514e+06
68 18 8.75135e+06
68 19 8.49043e+06
68 20 3.41222e+06
68 21 8.63796e+06
68 22 3.72544e+06
68 23 2.04483e+06
68 24 3.74707e+06
68 25 3.90007e+06
68 26 3.80620e+06
68 27 3.60447e+06
68 28 3.45186e+06
68 29 2.23795e+06
68 30 3.49310e+06
68 31 2.29089e+06
69 0 2.51502e+06
69 1 3.02154e+06
69 2 2.79852e+06
69 3 2.84870e+06
69 4 3.76856e+06
69 5 2.23631e+06
69 6 2.18300e+06
69 7 3.09290e+06
69 8 3.77309e+06
69 9 2.24404e+06
69 10 2.87564e+06
69 11 3.87712e+06
69 12 3.06457e+06
69 13 3.30024e+06
69 14 3.27865e+06
69 15 2.69336e+06
69 16 3.23618e+06
69 17 2.52102e+06
69 18 3.80944e+06
69 19 3.34159e+06
69 20 3.66272e+06
69 21 2.13048e+06
69 22 2.48575e+06
69 23 2.10766e+06
69 24 2.22655e+06
69 25 2.31642e+06
69 26 2.21025e+06
69 27 3.41623e+06
69 28 3.40266e+06
69 29 3.85307e+06
69 30 2.09894e+06
69 31 2.97828e+06
70 0 3.68143e+06
70 1 3.63526e+06
70 2 3.05375e+06
70 3 2.92183e+06
70 4 3.17605e+06
70 5 3.97684e+06
70 6 2.81063e+06
70 7 2.79776e+06
70 8 2.90939e+06
70 9 2.53688e+06
70 10 2.23407e+06
70 11 3.18097e+06
70 12 2.55878e+06
70 13 3.94967e+06
70 14 3.83467e+06
70 15 3.24561e+06
70 16 3.13429e+06
70 17 3.37928e+06
70 18 2.26195e+06
70 19 3.04718e+06
70 20 2.06967e+06
70 21 2.67182e+06
70 22 3.66854e+06
70 23 2.28175e+06
70 24 2.70914e+06
70 25 2.57289e+06
70 26 3.49019e+06
70 27 3.71876e+06
70 28 2.91778e+06
70 29 3.18712e+06
70 30 2.14257e+06
70 31 2.02569e+06
71 0 2.50856e+06
71 1 3.58966e+06
71 2 2.83360e+06
71 3 8.10679e+06
71 4 2.30950e+06
71 5 3.07996e+06
71 6 2.20969e+06
71 7 2.83019e+06
71 8 8.84398e+06
71 9 2.51569e+06
71 10 8.06544e+06
71 11 2.88127e+06
71 12 8.09582e+06
71 13 2.15193e+06
71 14 2.32315e+06
71 15 3.59325e+06
71 16 3.92393e+06
71 17 8.73187e+06
71 18 8.42452e+06
71 19 2.59763e+06
71 20 8.11633e+06
71 21 2.00867e+06
71 22 3.62718e+06
71 23 3.78695e+06
71 24 2.48387e+06
71 25 3.37426e+06
71 26 3.45874e+06
71 27 3.56217e+06
71 28 8.74689e+06
71 29 3.76723e+06
71 30 8.08482e+06
71 31 8.91713e+06
72 0 8.81836e+06
72 1 8.00033e+06
72 2 3.31372e+06
72 3 2.64494e+06
72 4 2.39973e+06
72 5 3.41383e+06
72 6 2.22457e+06
72 7 2.36148e+06
72 8 2.43546e+06
72 9 8.82610e+06
72 10 2.64971e+06
72 11 3.88384e+06
72 12 3.81289e+06
72 13 3.17404e+06
72 14 8.08944e+06
72 15 8.90386e+06
72 16 3.49221e+06
72 17 2.24700e+06
72 18 3.60094e+06
72 19 3.40794e+06
72 20 3.91422e+06
72 21 3.65619e+06
72 22 8.24834e+06
72 23 2.93164e+06
72 24 8.48904e+06
72 25 8.91511e+06
72 26 8.21424e+06
72 27 2.40759e+06
72 28 2.67818e+06
72 29 2.84895e+06
72 30 3.69979e+06
72 31 2.97046e+06
73 0 2.48705e+06
73 1 2.75722e+06
73 2 8.00736e+06
73 3 3.56948e+06
73 4 8.23961e+06
73 5 8.24962e+06
73 6 8.42104e+06
73 7 8.78755e+06
73 8 2.25131e+06
73 9 2.30447e+06
73 10 2.49246e+06
73 11 8.70155e+06
73 12 2.78537e+06
73 13 8.81223e+06
73 14 3.15548e+06
73 15 2.25107e+06
73 16 8.07069e+06
73 17 2.38181e+06
73 18 3.83576e+06
73 19 8.95383e+06
73 20 2.68574e+06
73 21 8.10841e+06
73 22 2.00448e+06
73 23 8.81670e+06
73 24 3.22545e+06
73 25 3.02417e+06
73 26 2.26686e+06
73 27 8.78471e+06
73 28 2.34125e+06
73 29 8.58326e+06
73 30 3.99408e+06
73 31 3.67645e+06
74 0 3.85853e+06
74 1 3.62316e+06
74 2 2.58397e+06
74 3 2.94271e+06
74 4 3.49741e+06
74 5 2.57570e+06
74 6 2.58314e+06
74 7 2.04107e+06
74 8 2.61783e+06
74 9 2.69602e+06
74 10 2.68543e+06
74 11 2.90389e+06
74 12 2.04971e+06
74 13 2.61827e+06
74 14 2.86660e+06
74 15 3.64479e+06
74 16 3.04663e+06
74 17 2.29146e+06
74 18 2.27461e+06
74 19 3.13537e+06
74 20 3.27649e+06
74 21 2.73232e+06
74 22 2.75945e+06
74 23 2.98891e+06
74 24 2.60162e+06
74 25 3.44265e+06
74 26 2.89158e+06
74 27 2.18725e+06
74 28 2.79839e+06
74 29 2.14153e+06
74 30 2.00879e+06
74 31 2.28211e+06
75 0 2.69997e+06
75 1 3.06565e+06
75 2 2.86330e+06
75 3 2.07153e+06
75 4 3.65117e+06
75 5 2.82905e+06
75 6 3.20707e+06
75 7 3.84735e+06
75 8 3.45221e+06
75 9 2.24332e+06
75 10 2.75138e+06
75 11 3.67939e+06
75 12 3.34287e+06
75 13 2.52767e+06
75 14 3.76849e+06
75 15 2.05030e+06
75 16 2.51979e+06
75 17 3.17009e+06
75 18 3.00946e+06
75 19 3.77572e+06
75 20 2.68601e+06
75 21 2.45328e+06
75 22 3.80881e+06
75 23 2.13557e+06
75 24 3.59628e+06
75 25 3.85769e+06
75 26 3.01757e+06
75 27 3.30124e+06
75 28 3.83955e+06
75 29 3.84954e+06
75 30 3.08521e+06
75 31 3.46443e+06
76 0 2.39319e+06
76 1 2.70145e+06
76 2 2.03097e+06
76 3 2.35175e+06
76 4 3.57993e+06
76 5 2.92968e+06
76 6 3.92885e+06
76 7 3.30740e+06
76 8 3.56574e+06
76 9 3.76831e+06
76 10 3.09311e+06
76 11 3.06525e+06
76 12 3.67434e+06
76 13 3.51753e+06
76 14 2.78610e+06
76 15 2.82886e+06
76 16 3.92399e+06
76 17 2.14672e+06
76 18 2.80992e+06
76 19 3.68590e+06
76 20 2.43294e+06
76 21 3.06966e+06
76 22 3.36070e+06
76 23 3.79529e+06
76 24 3.59128e+06
76 25 3.46421e+06
76 26 3.06098e+06
76 27 2.43035e+06
76 28 2.45209e+06
76 29 3.28416e+06
76 30 3.72270e+06
76 31 3.38213e+06
77 0 2.50217e+06
77 1 8.66904e+06
77 2 8.92995e+06
77 3 8.16888e+06
77 4 2.63705e+06
77 5 3.52791e+06
77 6 8.07644e+06
77 7 3.86523e+06
77 8 3.38758e+06
77 9 8.15366e+06
77 10 3.12384e+06
77 11 3.10777e+06
77 12 3.94300e+06
77 13 3.99043e+06
77 14 2.35795e+06
77 15 8.63860e+06
77 16 3.08041e+06
77 17 3.64465e+06
77 18 2.34714e+06
77 19 3.79760e+06
77 20 3.57240e+06
77 21 2.57897e+06
77 22 8.69965e+06
77 23 2.57713e+06
77 24 8.20158e+06
77 25 8.32379e+06
77 26 3.71943e+06
77 27 8.43728e+06
77 28 2.72201e+06
77 29 2.20900e+06
77 30 3.81828e+06
77 31 8.05812e+06
78 0 8.79817e+06
78 1 3.75189e+06
78 2 2.33434e+06
78 3 2.94697e+06
78 4 8.47713e+06
78 5 3.63641e+06
78 6 3.38950e+06
78 7 8.36538e+06
78 8 2.01960e+06
78 9 3.86008e+06
78 10 8.30096e+06
78 11 3.36013e+06
78 12 8.76627e+06
78 13 2.37314e+06
78 14 3.26667e+06
78 15 3.56275e+06
78 16 2.06054e+06
78 17 8.12324e+06
78 18 8.15662e+06
78 19 3.87801e+06
78 20 3.44618e+06
78 21 2.13674e+06
78 22 3.26391e+06
78 23 2.53809e+06
78 24 2.70220e+06
78 25 2.81464e+06
78 26 8.53213e+06
78 27 2.67938e+06
78 28 8.54770e+06
78 29 3.40045e+06
78 30 3.69070e+06
78 31 2.97771e+06
79 0 2.94658e+06
79 1 3.10031e+06
79 2 2.21243e+06
79 3 2.30544e+06
79 4 8.28550e+06
79 5 8.96658e+06
79 6 3.51620e+06
79 7 3.84219e+06
79 8 8.18334e+06
79 9 2.79804e+06
79 10 2.79626e+06
79 11 8.65075e+06
79 12 2.90065e+06
79 13 8.85789e+06
79 14 8.00361e+06
79 15 2.73457e+06
79 16 8.17027e+06
79 17 3.85172e+06
79 18 3.21244e+06
79 19 8.43119e+06
79 20 8.07624e+06
79 21 8.05136e+06
79 22 2.48654e+06
79 23 8.69456e+06
79 24 2.10859e+06
79 25 2.47898e+06
79 26 3.61168e+06
79 27 8.88660e+06
79 28 2.16716e+06
79 29 8.86313e+06
79 30 8.18245e+06
79 31 8.72494e+06
80 0 8.37755e+06
80 1 8.60532e+06
80 2 2.74482e+06
80 3 8.85071e+06
80 4 2.22341e+06
80 5 8.70140e+06
80 6 2.86528e+06
80 7 3.58932e+06
80 8 3.84466e+06
80 9 8.38808e+06
80 10 3.03073e+06
80 11 8.56524e+06
80 12 3.16494e+06
80 13 2.39160e+06
80 14 8.29202e+06
80 15 8.33945e+06
80 16 3.03943e+06
80 17 2.98528e+06
80 18 8.26736e+06
80 19 2.00272e+06
80 20 3.16486e+06
80 21 2.13668e+06
80 22 3.14283e+06
80 23 2.95176e+06
80 24 3.41741e+06
80 25 8.79369e+06
80 26 3.06249e+06
80 27 3.01367e+06
80 28 8.94253e+06
80 29 2.16981e+06
80 30 3.49236e+06
80 31 2.22490e+06
81 0 3.66166e+06
81 1 3.17409e+06
81 2 8.92798e+06
81 3 3.21478e+06
81 4 2.27259e+06
81 5 2.71927e+06
81 6 8.96767e+06
81 7 8.99491e+06
81 8 8.50345e+06
81 9 2.68475e+06
81 10 8.13285e+06
81 11 3.15785e+06
81 12 8.79806e+06
81 13 3.98472e+06
81 14 3.60593e+06
81 15 3.78453e+06
81 16 2.11806e+06
81 17 8.53585e+06
81 18 3.03986e+06
81 19 2.00618e+06
81 20 8.78522e+06
81 21 2.81963e+06
81 22 8.02909e+06
81 23 2.73662e+06
81 24 8.54258e+06
81 25 2.43815e+06
81 26 8.27663e+06
81 27 3.90152e+06
81 28 3.66573e+06
81 29 8.09059e+06
81 30 2.23498e+06
81 31 3.48643e+06
82 0 3.17053e+06
82 1 2.41548e+06
82 2 2.97938e+06
82 3 2.38349e+06
82 4 3.35730e+06
82 5 2.11341e+06
82 6 2.21951e+06
82 7 2.88007e+06
82 8 2.08532e+06
82 9 3.47193e+06
82 10 3.90183e+06
82 11 3.73377e+06
82 12 3.43887e+06
82 13 3.60452e+06
82 14 3.99896e+06
82 15 2.48521e+06
82 16 3.78007e+06
82 17 3.78025e+06
82 18 3.97837e+06
82 19 2.17494e+06
82 20 2.18414e+06
82 21 2.24676e+06
82 22 3.69936e+06
82 23 3.31122e+06
82 24 2.32495e+06
82 25 3.68478e+06
82 26 2.13335e+06
82 27 2.78921e+06
82 28 3.80923e+06
82 29 2.49760e+06
82 30 3.01804e+06
82 31 3.27708e+06
83 0 3.09945e+06
83 1 2.60249e+06
83 2 2.67899e+06
83 3 3.47685e+06
83 4 2.99035e+06
83 5 3.04377e+06
83 6 3.86752e+06
83 7 2.51523e+06
83 8 2.75637e+06
83 9 3.58936e+06
83 10 3.44470e+06
83 11 2.81355e+06
83 12 3.30008e+06
83 13 2.84845e+06
83 14 3.96196e+06
83 15 2.25919e+06
83 16 2.66040e+06
83 17 3.07705e+06
83 18 2.97983e+06
83 19 2.52145e+06
83 20 2.04805e+06
83 21 2.88603e+06
83 22 2.56689e+06
83 23 3.87640e+06
83 24 2.22713e+06
83 25 3.32587e+06
83 26 3.08304e+06
83 27 3.16893e+06
83 28 3.44719e+06
83 29 2.45331e+06
83 30 2.33766e+06
83 31 3.18837e+06
84 0 3.83439e+06
84 1 2.94185e+06
84 2 3.90326e+06
84 3 2.48570e+06
84 4 2.37942e+06
84 5 2.67170e+06
84 6 2.37492e+06
84 7 3.50389e+06
84 8 3.40868e+06
84 9 3.08981e+06
84 10 2.80016e+06
84 11 2.22523e+06
84 12 3.45383e+06
84 13 3.45773e+06
84 14 2.25407e+06
84 15 2.45014e+06
84 16 2.45940e+06
84 17 2.56441e+06
84 18 3.38975e+06
84 19 2.04560e+06
84 20 2.98229e+06
84 21 3.79788e+06
84 22 3.36492e+06
84 23 3.24085e+06
84 24 3.82575e+06
84 25 3.63247e+06
84 26 2.56332e+06
84 27 3.21307e+06
84 28 2.76599e+06
84 29 3.40601e+06
84 30 3.66222e+06
84 31 2.99725e+06
85 0 2.57168e+06
85 1 8.78498e+06
85 2 3.84066e+06
85 3 3.83485e+06
85 4 2.99001e+06
85 5 8.07370e+06
85 6 2.53236e+06
85 7 2.45734e+06
85 8 3.45903e+06
85 9 3.37245e+06
85 10 3.66374e+06
85 11 2.88769e+06
85 12 2.74770e+06
85 13 8.15907e+06
85 14 2.46448e+06
85 15 2.70003e+06
85 16 8.34500e+06
85 17 8.92749e+06
85 18 2.82284e+06
85 19 2.84817e+06
85 20 2.55653e+06
85 21 2.70728e+06
85 22 8.86941e+06
85 23 2.56568e+06
85 24 2.96331e+06
85 25 3.58776e+06
85 26 8.76664e+06
85 27 8.39310e+06
85 28 8.20422e+06
85 29 3.50831e+06
85 30 8.74642e+06
85 31 3.13571e+06
86 0 8.30488e+06
86 1 3.68862e+06
86 2 2.10535e+06
86 3 8.16295e+06
86 4 8.43753e+06
86 5 8.13405e+06
86 6 8.80595e+06
86 7 8.75825e+06
86 8 8.46642e+06
86 9 8.42257e+06
86 10 8.00131e+06
86 11 8.57019e+06
86 12 8.13371e+06
86 13 3.61798e+06
86 14 8.68469e+06
86 15 8.34862e+06
86 16 2.62185e+06
86 17 2.07285e+06
86 18 8.28824e+06
86 19 2.68213e+06
86 20 8.61573e+06
86 21 8.76697e+06
86 22 8.03951e+06
86 23 8.55636e+06
86 24 8.24789e+06
86 25 2.93821e+06
86 26 3.36973e+06
86 27 2.80307e+06
86 28 8.75727e+06
86 29 3.09457e+06
86 30 2.33897e+06
86 31 8.59730e+06
87 0 8.11986e+06
87 1 2.38953e+06
87 2 8.26100e+06
87 3 8.96661e+06
87 4 2.10995e+06
87 5 3.81031e+06
87 6 2.97521e+06
87 7 3.53466e+06
87 8 8.40989e+06
87 9 2.10958e+06
87 10 2.12093e+06
87 11 2.80277e+06
87 12 8.55750e+06
87 13 2.71302e+06
87 14 8.68420e+06
87 15 3.85498e+06
87 16 8.81556e+06
87 17 8.78926e+06
87 18 2.58566e+06
87 19 8.76603e+06
87 20 2.57470e+06
87 21 8.06854e+06
87 22 2.16797e+06
87 23 8.66121e+06
87 24 8.68912e+06
87 25 8.55903e+06
87 26 2.41652e+06
87 27 3.71738e+06
87 28 3.76091e+06
87 29 8.91474e+06
87 30 8.10922e+06
87 31 2.15248e+06
88 0 2.76089e+06
88 1 8.82197e+06
88 2 8.95391e+06
88 3 2.37732e+06
88 4 3.70143e+06
88 5 3.35078e+06
88 6 3.53792e+06
88 7 8.94426e+06
88 8 3.34606e+06
88 9 8.22685e+06
88 10 8.26622e+06
88 11 8.43291e+06
88 12 2.11531e+06
88 13 8.50686e+06
88 14 2.22162e+06
88 15 8.43566e+06
88 16 3.30399e+06
88 17 3.94603e+06
88 18 8.55518e+06
88 19 8.09799e+06
88 20 2.34181e+06
88 21 3.75007e+06
88 22 2.50061e+06
88 23 2.05450e+06
88 24 2.37352e+06
88 25 3.37516e+06
88 26 8.87572e+06
88 27 8.45807e+06
88 28 3.84910e+06
88 29 8.35739e+06
88 30 2.77573e+06
88 31 2.58117e+06
89 0 3.13564e+06
89 1 2.34142e+06
89 2 8.73195e+06
89 3 8.28040e+06
89 4 8.54710e+06
89 5 2.93694e+06
89 6 2.79201e+06
89 7 3.43043e+06
89 8 2.95498e+06
89 9 8.00886e+06
89 10 2.32780e+06
89 11 2.80726e+06
89 12 3.95953e+06
89 13 8.32420e+06
89 14 2.81492e+06
89 15 8.38036e+06
89 16 2.13232e+06
89 17 8.57758e+06
89 18 2.69300e+06
89 19 2.59700e+06
89 20 2.79853e+06
89 21 8.45902e+06
89 22 8.38535e+06
89 23 3.75237e+06
89 24 2.49440e+06
89 25 3.97370e+06
89 26 8.06831e+06
89 27 8.63752e+06
89 28 2.16251e+06
89 29 3.97091e+06
89 30 2.76514e+06
89 31 3.12267e+06
90 0 8.63601e+06
90 1 2.45533e+06
90 2 3.09574e+06
90 3 2.18223e+06
90 4 3.85922e+06
90 5 3.82426e+06
90 6 8.78754e+06
90 7 8.18047e+06
90 8 8.04515e+06
90 9 2.39095e+06
90 10 8.90481e+06
90 11 2.78035e+06
90 12 2.56965e+06
90 13 3.82038e+06
90 14 8.55293e+06
90 15 2.32580e+06
90 16 2.55086e+06
90 17 2.61830e+06
90 18 8.10687e+06
90 19 8.97052e+06
90 20 3.39530e+06
90 21 2.08384e+06
90 22 2.16885e+06
90 23 3.22018e+06
90 24 8.45053e+06
90 25 8.79017e+06
90 26 3.76169e+06
90 27 2.57118e+06
90 28 2.96535e+06
90 29 3.26856e+06
90 30 2.54291e+06
90 31 3.26667e+06
91 0 2.10790e+06
91 1 8.25962e+06
91 2 8.57575e+06
91 3 8.29145e+06
91 4 3.39333e+06
91 5 8.45991e+06
91 6 8.02775e+06
91 7 2.83810e+06
91 8 2.47289e+06
91 9 8.74601e+06
91 10 2.60345e+06
91 11 8.17404e+06
91 12 8.56773e+06
91 13 2.38753e+06
91 14 3.09627e+06
91 15 8.87096e+06
91 16 8.83666e+06
91 17 2.24182e+06
91 18 3.02221e+06
91 19 8.50946e+06
91 20 8.71967e+06
91 21 8.02187e+06
91 22 8.76951e+06
91 23 8.28758e+06
91 24 3.21792e+06
91 25 8.38475e+06
91 26 2.26679e+06
91 27 3.59363e+06
91 28 8.15262e+06
91 29 8.70980e+06
91 30 8.93709e+06
91 31 8.39466e+06
92 0 8.94506e+06
92 1 2.62220e+06
92 2 2.83549e+06
92 3 3.36673e+06
92 4 3.16558e+06
92 5 3.49109e+06
92 6 3.34659e+06
92 7 8.60744e+06
92 8 8.79956e+06
92 9 3.44351e+06
92 10 8.17395e+06
92 11 2.28051e+06
92 12 8.18727e+06
92 13 2.86474e+06
92 14 8.90704e+06
92 15 2.33512e+06
92 16 3.76013e+06
92 17 8.52338e+06
92 18 2.73367e+06
92 19 2.68096e+06
92 20 3.33265e+06
92 21 2.15319e+06
92 22 3.60125e+06
92 23 8.38679e+06
92 24 8.32639e+06
92 25 3.41217e+06
92 26 2.20482e+06
92 27 2.28553e+06
92 28 8.02567e+06
92 29 8.14294e+06
92 30 8.62584e+06
92 31 8.47233e+06
93 0 8.51396e+06
93 1 8.06728e+06
93 2 8.52649e+06
93 3 3.09319e+06
93 4 8.07314e+06
93 5 3.47253e+06
93 6 2.85913e+06
93 7 8.15880e+06
93 8 3.65929e+06
93 9 8.95409e+06
93 10 3.07981e+06
93 11 2.52026e+06
93 12 8.84189e+06
93 13 8.94792e+06
93 14 2.41669e+06
93 15 8.67272e+06
93 16 2.88866e+06
93 17 2.27096e+06
93 18 8.88988e+06
93 19 2.27624e+06
93 20 8.54543e+06
93 21 8.12488e+06
93 22 3.47765e+06
93 23 2.10765e+06
93 24 8.66007e+06
93 25 8.85372e+06
93 26 8.63384e+06
93 27 8.82477e+06
93 28 3.76792e+06
93 29 3.14167e+06
93 30 8.11327e+06
93 31 2.18719e+06
94 0 3.86802e+06
94 1 8.20784e+06
94 2 2.60291e+06
94 3 8.42204e+06
94 4 3.75803e+06
94 5 8.86198e+06
94 6 8.65258e+06
94 7 2.63486e+06
94 8 3.53384e+06
94 9 3.16487e+06
94 10 8.45688e+06
94 11 8.84262e+06
94 12 2.38608e+06
94 13 2.07837e+06
94 14 8.81083e+06
94 15 3.99866e+06
94 16 8.40570e+06
94 17 8.67865e+06
94 18 8.95326e+06
94 19 8.33902e+06
94 20 2.86659e+06
94 21 2.91305e+06
94 22 8.07475e+06
94 23 8.70365e+06
94 24 2.05550e+06
94 25 3.50575e+06
94 26 8.45848e+06
94 27 3.22138e+06
94 28 2.39255e+06
94 29 2.67084e+06
94 30 3.41928e+06
94 31 3.32347e+06
95 0 2.25981e+06
95 1 2.36963e+06
95 2 3.40220e+06
95 3 3.28889e+06
95 4 3.97782e+06
95 5 2.36839e+06
95 6 3.21971e+06
95 7 3.62908e+06
95 8 3.86896e+06
95 9 2.14137e+06
95 10 2.29303e+06
95 11 2.85879e+06
95 12 2.68329e+06
95 13 3.89265e+06
95 14 3.91239e+06
95 15 2.71081e+06
95 16 3.20659e+06
95 17 3.79496e+06
95 18 3.60904e+06
95 19 3.71331e+06
95 20 2.35048e+06
95 21 3.33650e+06
95 22 2.87579e+06
95 23 2.88587e+06
95 24 3.98077e+06
95 25 2.99344e+06
95 26 2.30508e+06
95 27 3.40759e+06
95 28 2.24271e+06
95 29 3.91428e+06
95 30 3.88866e+06
95 31 3.20555e+06
96 0 3.13765e+06
96 1 3.80976e+06
96 2 3.33268e+06
96 3 3.29524e+06
96 4 2.00104e+06
96 5 3.19442e+06
96 6 2.11881e+06
96 7 3.57815e+06
96 8 2.21578e+06
96 9 3.84549e+06
96 10 3.26228e+06
96 11 2.51457e+06
96 12 3.86580e+06
96 13 3.52735e+06
96 14 2.24805e+06
96 15 2.09416e+06
96 16 3.56653e+06
96 17 2.99930e+06
96 18 3.63382e+06
96 19 2.76863e+06
96 20 2.38640e+06
96 21 3.39849e+06
96 22 2.70076e+06
96 23 3.09602e+06
96 24 3.00188e+06
96 25 3.73027e+06
96 26 2.31111e+06
96 27 2.76668e+06
96 28 3.08739e+06
96 29 2.87985e+06
96 30 2.34824e+06
96 31 2.94764e+06
97 0 2.93878e+06
97 1 3.95950e+06
97 2 3.07825e+06
97 3 3.35803e+06
97 4 3.73088e+06
97 5 2.59987e+06
97 6 2.63162e+06
97 7 3.70453e+06
97 8 2.36446e+06
97 9 3.60074e+06
97 10 3.71864e+06
97 11 2.59511e+06
97 12 2.78134e+06
97 13 3.11764e+06
97 14 2.94153e+06
97 15 2.42732e+06
97 16 2.22786e+06
97 17 3.23058e+06
97 18 2.37894e+06
97 19 3.39138e+06
97 20 3.23284e+06
97 21 3.14271e+06
97 22 2.95699e+06
97 23 3.13372e+06
97 24 2.66399e+06
97 25 2.13606e+06
97 26 2.17914e+06
97 27 3.45737e+06
97 28 2.62924e+06
97 29 3.20309e+06
97 30 2.48919e+06
97 31 2.71251e+06
98 0 2.02380e+06
98 1 2.87774e+06
98 2 3.39621e+06
98 3 3.27157e+06
98 4 3.22513e+06
98 5 2.26825e+06
98 6 3.54544e+06
98 7 3.01127e+06
98 8 2.19819e+06
98 9 2.57189e+06
98 10 3.94844e+06
98 11 2.84972e+06
98 12 2.54643e+06
98 13 2.36769e+06
98 14 3.71379e+06
98 15 2.79568e+06
98 16 3.95713e+06
98 17 3.16627e+06
98 18 2.24739e+06
98 19 3.25581e+06
98 20 2.53802e+06
98 21 3.25739e+06
98 22 3.17481e+06
98 23 3.36079e+06
98 24 2.34777e+06
98 25 3.93709e+06
98 26 2.90885e+06
98 27 3.77457e+06
98 28 2.76408e+06
98 29 3.44052e+06
98 30 3.28186e+06
98 31 2.95116e+06
99 0 2.67425e+06
99 1 2.22224e+06
99 2 3.33306e+06
99 3 3.89035e+06
99 4 8.79408e+06
99 5 8.02897e+06
99 6 8.13374e+06
99 7 8.93526e+06
99 8 8.94268e+06
99 9 3.08733e+06
99 10 3.14168e+06
99 11 8.54565e+06
99 12 8.30582e+06
99 13 8.58749e+06
99 14 2.08678e+06
99 15 8.63403e+06
99 16 3.69719e+06
99 17 3.39651e+06
99 18 3.64199e+06
99 19 8.43468e+06
99 20 8.38103e+06
99 21 3.75553e+06
99 22 2.29161e+06
99 23 2.74276e+06
99 24 3.25127e+06
99 25 8.26368e+06
99 26 3.33779e+06
99 27 2.11170e+06
99 28 3.58308e+06
99 29 3.35756e+06
99 30 3.61723e+06
99 31 3.34204e+06
100 0 8.29963e+06
100 1 8.55277e+06
100 2 2.35626e+06
100 3 8.90085e+06
100 4 3.05536e+06
100 5 3.78988e+06
100 6 2.25066e+06
100 7 3.90179e+06
100 8 2.38649e+06
100 9 3.96955e+06
100 10 3.99370e+06
100 11 2.99013e+06
100 12 2.79422e+06
100 13 3.03569e+06
100 14 8.84985e+06
100 15 2.45921e+06
100 16 2.10129e+06
100 17 2.05866e+06
100 18 3.27580e+06
100 19 2.94724e+06
100 20 3.88957e+06
100 21 8.09512e+06
100 22 8.29640e+06
100 23 2.15646e+06
100 24 3.15027e+06
100 25 3.09395e+06
100 26 3.66260e+06
100 27 2.27643e+06
100 28 3.67836e+06
100 29 2.42552e+06
100 30 8.30364e+06
100 31 8.56568e+06
101 0 3.58857e+06
101 1 2.81744e+06
101 2 8.73065e+06
101 3 3.41856e+06
101 4 2.95905e+06
101 5 2.14291e+06
101 6 2.26030e+06
101 7 2.88793e+06
101 8 3.79178e+06
101 9 8.87253e+06
101 10 8.23620e+06
101 11 3.41281e+06
101 12 2.74944e+06
101 13 3.98849e+06
101 14 3.95797e+06
101 15 3.87224e+06
101 16 8.11406e+06
101 17 8.41642e+06
101 18 8.88612e+06
101 19 3.89941e+06
101 20 3.42894e+06
101 21 3.75083e+06
101 22 3.28039e+06
101 23 8.15185e+06
101 24 8.01268e+06
101 25 2.80594e+06
101 26 8.21508e+06
101 27 8.74782e+06
101 28 8.05575e+06
101 29 8.47448e+06
101 30 2.79624e+06
101 31 2.17817e+06
102 0 2.62243e+06
102 1 3.18979e+06
102 2 3.99816e+06
102 3 2.47246e+06
102 4 3.60270e+06
102 5 2.48497e+06
102 6 2.18470e+06
102 7 2.12004e+06
102 8 2.19818e+06
102 9 3.67794e+06
102 10 3.03092e+06
102 11 2.48715e+06
102 12 2.26223e+06
102 13 3.70970e+06
102 14 2.56654e+06
102 15 3.36638e+06
102 16 2.65131e+06
102 17 2.06415e+06
102 18 3.79191e+06
102 19 2.16700e+06
102 20 3.35844e+06
102 21 2.93503e+06
102 22 2.32588e+06
102 23 2.09569e+06
102 24 2.30704e+06
102 25 2.21408e+06
102 26 3.42542e+06
102 27 2.84349e+06
102 28 2.83384e+06
102 29 2.54896e+06
102 30 2.23099e+06
102 31 3.59548e+06
103 0 3.05707e+06
103 1 2.52442e+06
103 2 2.34224e+06
103 3 2.23879e+06
103 4 2.45569e+06
103 5 2.10751e+06
103 6 2.01564e+06
103 7 3.73350e+06
103 8 2.08833e+06
103 9 2.86652e+06
103 10 2.66136e+06
103 11 3.57014e+06
103 12 2.87008e+06
103 13 3.92481e+06
103 14 2.26756e+06
103 15 3.92423e+06
103 16 3.26041e+06
103 17 3.65428e+06
103 18 3.03075e+06
103 19 2.55966e+06
103 20 3.91876e+06
103 21 2.28267e+06
103 22 3.13182e+06
103 23 3.47651e+06
103 24 2.71357e+06
103 25 3.44833e+06
103 26 2.94520e+06
103 27 2.82263e+06
103 28 3.28578e+06
103 29 3.73504e+06
103 30 2.16056e+06
103 31 3.18155e+06
104 0 2.33130e+06
104 1 3.20569e+06
104 2 2.06520e+06
104 3 3.21461e+06
104 4 2.99619e+06
104 5 2.88344e+06
104 6 2.84622e+06
104 7 3.26238e+06
104 8 3.11459e+06
104 9 2.94125e+06
104 10 2.86000e+06
104 11 2.14818e+06
104 12 2.18303e+06
104 13 3.35788e+06
104 14 3.37056e+06
104 15 2.87595e+06
104 16 2.46060e+06
104 17 2.67997e+06
104 18 3.08904e+06
104 19 2.89401e+06
104 20 3.55067e+06
104 21 2.13627e+06
104 22 3.86323e+06
104 23 2.07600e+06
104 24 2.28790e+06
104 25 3.22736e+06
104 26 3.41718e+06
104 27 3.91828e+06
104 28 2.42816e+06
104 29 3.11871e+06
104 30 2.72094e+06
104 31 3.82439e+06
105 0 3.20396e+06
105 1 3.42243e+06
105 2 3.12240e+06
105 3 2.90028e+06
105 4 3.80170e+06
105 5 2.02657e+06
105 6 3.31115e+06
105 7 2.71015e+06
105 8 3.54499e+06
105 9 3.12143e+06
105 10 2.98361e+06
105 11 2.78777e+06
105 12 3.22925e+06
105 13 2.80700e+06
105 14 3.81891e+06
105 15 3.88067e+06
105 16 3.15977e+06
105 17 3.69342e+06
105 18 3.21288e+06
105 19 3.17514e+06
105 20 3.21545e+06
105 21 3.42848e+06
105 22 3.56620e+06
105 23 3.90849e+06
105 24 3.70122e+06
105 25 3.56594e+06
105 26 3.91612e+06
105 27 3.50049e+06
105 28 3.23454e+06
105 29 2.92926e+06
105 30 3.65781e+06
105 31 2.20226e+06
106 0 2.52594e+06
106 1 2.44349e+06
106 2 3.76373e+06
106 3 2.91745e+06
106 4 3.14932e+06
106 5 3.79438e+06
106 6 3.44585e+06
106 7 3.99401e+06
106 8 2.62388e+06
106 9 2.53818e+06
106 10 2.14207e+06
106 11 2.00679e+06
106 12 2.02196e+06
106 13 3.86996e+06
106 14 3.22174e+06
106 15 2.01167e+06
106 16 3.20631e+06
106 17 2.49214e+06
106 18 3.52087e+06
106 19 3.75527e+06
106 20 3.89600e+06
106 21 2.61597e+06
106 22 3.37137e+06
106 23 3.48474e+06
106 24 2.67574e+06
106 25 3.13324e+06
106 26 3.01155e+06
106 27 3.96199e+06
106 28 3.35038e+06
106 29 2.86060e+06
106 30 2.42922e+06
106 31 2.58659e+06
107 0 3.30816e+06
107 1 2.23484e+06
107 2 3.33835e+06
107 3 3.32389e+06
107 4 3.69036e+06
107 5 2.39332e+06
107 6 3.06242e+06
107 7 2.44834e+06
107 8 2.35796e+06
107 9 3.49804e+06
107 10 3.77548e+06
107 11 2.44135e+06
107 12 3.14652e+06
107 13 2.95897e+06
107 14 3.79997e+06
107 15 3.22061e+06
107 16 3.19976e+06
107 17 3.16298e+06
107 18 3.71069e+06
107 19 2.93820e+06
107 20 2.11928e+06
107 21 3.34233e+06
107 22 2.93244e+06
107 23 3.87490e+06
107 24 2.55039e+06
107 25 3.62264e+06
107 26 2.61011e+06
107 27 2.46703e+06
107 28 3.20205e+06
107 29 3.54797e+06
107 30 3.58208e+06
107 31 2.10318e+06
108 0 3.37843e+06
108 1 2.59335e+06
108 2 2.38087e+06
108 3 3.54057e+06
108 4 3.47728e+06
108 5 2.18674e+06
108 6 2.21764e+06
108 7 3.30490e+06
108 8 2.67791e+06
108 9 3.00778e+06
108 10 2.12927e+06
108 11 2.00260e+06
108 12 3.57946e+06
108 13 2.46358e+06
108 14 2.38687e+06
108 15 3.60215e+06
108 16 2.89686e+06
108 17 3.87535e+06
108 18 2.76574e+06
108 19 2.87484e+06
108 20 2.53742e+06
108 21 3.30484e+06
108 22 2.52064e+06
108 23 3.02673e+06
108 24 2.01202e+06
108 25 3.15355e+06
108 26 3.57962e+06
108 27 2.19245e+06
108 28 2.69262e+06
108 29 3.30784e+06
108 30 3.30938e+06
108 31 3.00826e+06
109 0 3.49630e+06
109 1 2.63756e+06
109 2 2.73783e+06
109 3 2.70044e+06
109 4 3.17197e+06
109 5 2.61473e+06
109 6 3.26353e+06
109 7 3.20998e+06
109 8 2.42029e+06
109 9 3.29362e+06
109 10 2.87237e+06
109 11 2.37836e+06
109 12 2.47073e+06
109 13 2.79258e+06
109 14 3.50885e+06
109 15 2.46596e+06
109 16 2.07085e+06
109 17 2.09557e+06
109 18 2.16930e+06
109 19 3.49237e+06
109 20 3.97336e+06
109 21 3.06210e+06
109 22 3.13854e+06
109 23 2.48181e+06
109 24 3.60382e+06
109 25 3.88806e+06
109 26 2.47277e+06
109 27 2.76916e+06
109 28 2.72880e+06
109 29 3.31546e+06
109 30 2.05229e+06
109 31 3.53675e+06
110 0 2.90108e+06
110 1 2.84833e+06
110 2 2.92145e+06
110 3 3.32402e+06
110 4 2.49347e+06
110 5 2.91212e+06
110 6 2.25300e+06
110 7 2.77449e+06
110 8 3.02031e+06
110 9 2.61549e+06
110 10 3.65326e+06
110 11 2.28497e+06
110 12 2.89604e+06
110 13 3.41015e+06
110 14 2.69252e+06
110 15 3.86494e+06
110 16 3.02763e+06
110 17 2.10796e+06
110 18 3.46775e+06
110 19 2.93582e+06
110 20 3.54441e+06
110 21 3.43021e+06
110 22 2.49754e+06
110 23 2.51993e+06
110 24 2.99482e+06
110 25 3.74290e+06
110 26 2.46861e+06
110 27 3.00055e+06
110 28 2.34296e+06
110 29 2.32204e+06
110 30 3.57155e+06
110 31 2.56597e+06
111 0 2.16764e+06
111 1 3.01572e+06
111 2 3.96328e+06
111 3 2.83232e+06
111 4 3.33283e+06
111 5 2.20334e+06
111 6 2.26861e+06
111 7 2.28437e+06
111 8 3.81273e+06
111 9 2.27745e+06
111 10 2.78907e+06
111 11 2.53615e+06
111 12 3.13872e+06
111 13 3.11712e+06
111 14 2.83725e+06
111 15 3.52653e+06
111 16 2.81546e+06
111 17 2.04124e+06
111 18 2.66398e+06
111 19 3.72165e+06
111 20 2.95071e+06
111 21 3.00962e+06
111 22 2.63860e+06
111 23 3.51795e+06
111 24 3.07569e+06
111 25 3.01520e+06
111 26 2.92940e+06
111 27 3.14051e+06
111 28 3.59072e+06
111 29 2.86475e+06
111 30 3.84513e+06
111 31 2.45072e+06
112 0 2.45795e+06
112 1 2.17103e+06
112 2 2.31281e+06
112 3 3.68386e+06
112 4 2.16697e+06
112 5 3.99078e+06
112 6 2.19719e+06
112 7 2.05027e+06
112 8 3.25785e+06
112 9 2.95115e+06
112 10 3.22695e+06
112 11 2.34978e+06
112 12 2.12280e+06
112 13 3.51326e+06
112 14 2.31144e+06
112 15 3.65290e+06
112 16 2.21609e+06
112 17 3.36296e+06
112 18 3.67950e+06
112 19 2.93302e+06
112 20 3.36180e+06
112 21 2.97600e+06
112 22 3.82160e+06
112 23 3.98669e+06
112 24 3.74183e+06
112 25 3.57765e+06
112 26 3.23877e+06
112 27 3.95326e+06
112 28 2.98533e+06
112 29 3.01017e+06
112 30 2.98463e+06
112 31 2.66258e+06
113 0 3.82667e+06
113 1 2.52496e+06
113 2 3.71105e+06
113 3 3.66583e+06
113 4 3.25192e+06
113 5 2.66419e+06
113 6 2.28405e+06
113 7 2.84222e+06
113 8 2.20307e+06
113 9 2.72492e+06
113 10 3.63728e+06
113 11 2.27730e+06
113 12 2.99258e+06
113 13 3.99096e+06
113 14 3.63800e+06
113 15 3.14693e+06
113 16 2.91975e+06
113 17 3.19726e+06
113 18 2.74345e+06
113 19 2.99621e+06
113 20 2.83387e+06
113 21 2.99568e+06
113 22 3.77044e+06
113 23 2.71341e+06
113 24 3.44569e+06
113 25 2.94606e+06
113 26 3.23066e+06
113 27 2.98571e+06
113 28 2.70925e+06
113 29 2.75066e+06
113 30 3.66802e+06
113 31 2.90650e+06
114 0 2.30476e+06
114 1 3.60203e+06
114 2 3.28953e+06
114 3 2.51288e+06
114 4 3.32189e+06
114 5 2.59469e+06
114 6 2.33650e+06
114 7 2.36820e+06
114 8 2.78171e+06
114 9 3.57623e+06
114 10 3.77247e+06
114 11 3.19777e+06
114 12 3.28463e+06
114 13 3.92486e+06
114 14 3.24985e+06
114 15 3.58516e+06
114 16 2.90177e+06
114 17 2.22806e+06
114 18 3.65643e+06
114 19 2.97486e+06
114 20 2.76030e+06
114 21 3.87195e+06
114 22 3.58918e+06
114 23 3.50572e+06
114 24 3.33617e+06
114 25 3.65760e+06
114 26 2.24525e+06
114 27 2.80177e+06
114 28 3.55012e+06
114 29 2.96074e+06
114 30 2.26271e+06
114 31 3.47477e+06
115 0 3.65163e+06
115 1 2.05844e+06
115 2 2.75254e+06
115 3 3.22692e+06
115 4 3.45950e+06
115 5 2.12409e+06
115 6 2.39250e+06
115 7 3.45155e+06
115 8 2.10923e+06
115 9 3.56059e+06
115 10 3.86222e+06
115 11 3.80212e+06
115 12 2.44253e+06
115 13 3.07013e+06
115 14 3.47712e+06
115 15 2.65808e+06
115 16 3.10228e+06
115 17 3.59249e+06
115 18 2.35304e+06
115 19 2.45894e+06
115 20 2.42654e+06
115 21 2.77856e+06
115 22 3.85162e+06
115 23 2.22010e+06
115 24 2.35766e+06
115 25 2.64496e+06
115 26 2.24759e+06
115 27 3.98998e+06
115 28 2.47361e+06
115 29 2.68484e+06
115 30 3.51957e+06
115 31 3.01977e+06
116 0 3.07668e+06
116 1 3.85771e+06
116 2 2.38185e+06
116 3 3.16450e+06
116 4 3.78150e+06
116 5 2.59649e+06
116 6 2.63496e+06
116 7 2.74073e+06
116 8 3.00257e+06
116 9 3.33702e+06
116 10 2.38157e+06
116 11 3.87876e+06
116 12 3.67411e+06
116 13 3.92774e+06
116 14 3.61022e+06
116 15 2.44692e+06
116 16 3.61081e+06
116 17 3.23570e+06
116 18 2.25904e+06
116 19 2.17110e+06
116 20 2.76588e+06
116 21 2.23429e+06
116 22 2.35768e+06
116 23 3.19409e+06
116 24 3.10099e+06
116 25 3.95229e+06
116 26 2.56892e+06
116 27 2.52200e+06
116 28 3.68967e+06
116 29 3.55429e+06
116 30 3.85147e+06
116 31 2.76503e+06
117 0 3.99227e+06
117 1 3.46066e+06
117 2 2.85651e+06
117 3 3.08148e+06
117 4 3.96461e+06
117 5 2.09270e+06
117 6 2.63286e+06
117 7 3.68312e+06
117 8 2.86344e+06
117 9 2.26701e+06
117 10 2.51716e+06
117 11 2.44237e+06
117 12 3.94215e+06
117 13 2.23125e+06
117 14 2.13445e+06
117 15 2.62477e+06
117 16 3.40170e+06
117 17 2.14043e+06
117 18 3.75977e+06
117 19 2.13477e+06
117 20 2.05934e+06
117 21 2.48085e+06
117 22 3.03508e+06
117 23 2.86119e+06
117 24 3.91975e+06
117 25 2.55642e+06
117 26 3.47147e+06
117 27 3.33065e+06
117 28 3.63305e+06
117 29 2.76789e+06
117 30 3.66542e+06
117 31 3.81097e+06
118 0 2.15635e+06
118 1 2.97722e+06
118 2 2.96404e+06
118 3 3.73988e+06
118 4 3.53806e+06
118 5 3.01086e+06
118 6 2.43513e+06
118 7 3.46846e+06
118 8 3.99512e+06
118 9 2.04311e+06
118 10 3.79573e+06
118 11 2.96534e+06
118 12 3.69275e+06
118 13 2.10290e+06
118 14 3.90158e+06
118 15 3.16905e+06
118 16 3.74447e+06
118 17 2.13856e+06
118 18 2.08816e+06
118 19 3.77678e+06
118 20 2.94464e+06
118 21 3.36982e+06
118 22 3.25401e+06
118 23 3.46144e+06
118 24 3.19204e+06
118 25 2.14566e+06
118 26 2.82262e+06
118 27 3.92851e+06
118 28 3.69246e+06
118 29 3.42311e+06
118 30 2.51880e+06
118 31 3.93052e+06
119 0 2.88536e+06
119 1 3.15705e+06
119 2 2.24122e+06
119 3 2.52956e+06
119 4 3.16289e+06
119 5 3.52285e+06
119 6 2.50208e+06
119 7 3.14205e+06
119 8 3.62321e+06
119 9 3.11968e+06
119 10 3.18672e+06
119 11 2.75202e+06
119 12 3.01200e+06
119 13 2.60870e+06
119 14 2.99515e+06
119 15 3.65983e+06
119 16 2.10438e+06
119 17 2.27201e+06
119 18 3.37344e+06
119 19 2.46634e+06
119 20 2.66675e+06
119 21 3.67851e+06
119 22 3.82636e+06
119 23 2.52235e+06
119 24 3.61714e+06
119 25 3.50245e+06
119 26 3.65796e+06
119 27 3.34230e+06
119 28 2.74037e+06
119 29 2.96187e+06
119 30 2.42604e+06
119 31 3.25653e+06
120 0 2.21331e+06
120 1 2.47457e+06
120 2 3.17901e+06
120 3 2.63615e+06
120 4 3.85663e+06
120 5 3.26214e+06
120 6 3.78584e+06
120 7 2.35371e+06
120 8 2.97130e+06
120 9 2.60164e+06
120 10 3.00768e+06
120 11 3.04756e+06
120 12 2.55775e+06
120 13 3.16038e+06
120 14 3.51029e+06
120 15 2.58092e+06
120 16 2.43936e+06
120 17 3.57778e+06
120 18 3.46755e+06
120 19 3.72319e+06
120 20 3.95169e+06
120 21 3.94029e+06
120 22 3.32794e+06
120 23 2.18962e+06
120 24 3.96906e+06
120 25 3.66238e+06
120 26 3.87023e+06
120 27 2.59835e+06
120 28 2.76646e+06
120 29 3.45836e+06
120 30 3.04463e+06
120 31 2.26406e+06
121 0 3.92380e+06
121 1 2.91770e+06
121 2 2.45238e+06
121 3 2.23843e+06
121 4 3.16018e+06
121 5 2.17978e+06
121 6 3.40645e+06
121 7 3.91477e+06
121 8 3.78890e+06
121 9 3.87882e+06
121 10 3.22562e+06
121 11 2.52975e+06
121 12 3.49323e+06
121 13 3.06193e+06
121 14 3.48481e+06
121 15 2.80511e+06
121 16 2.91928e+06
121 17 2.18480e+06
121 18 2.87434e+06
121 19 3.42347e+06
121 20 3.11089e+06
121 21 2.43034e+06
121 22 2.77839e+06
121 23 2.90193e+06
121 24 3.77185e+06
121 25 3.84468e+06
121 26 2.79813e+06
121 27 3.06225e+06
121 28 3.72267e+06
121 29 3.87512e+06
121 30 2.79471e+06
121 31 3.23660e+06
122 0 2.00927e+06
122 1 3.92618e+06
122 2 2.76924e+06
122 3 3.87966e+06
122 4 2.03397e+06
122 5 2.16172e+06
122 6 3.11148e+06
122 7 2.53064e+06
122 8 2.27509e+06
122 9 3.96181e+06
122 10 3.63884e+06
122 11 2.13671e+06
122 12 2.47386e+06
122 13 3.80242e+06
122 14 3.66226e+06
122 15 3.72411e+06
122 16 3.91707e+06
122 17 2.47574e+06
122 18 2.75968e+06
122 19 3.74563e+06
122 20 3.69261e+06
122 21 3.52069e+06
122 22 3.48002e+06
122 23 3.28015e+06
122 24 2.42767e+06
122 25 2.65405e+06
122 26 2.10442e+06
122 27 2.00293e+06
122 28 2.92782e+06
122 29 3.03451e+06
122 30 2.95822e+06
122 31 2.76604e+06
123 0 3.54982e+06
123 1 3.09361e+06
123 2 3.16597e+06
123 3 3.29110e+06
123 4 2.24172e+06
123 5 3.55448e+06
123 6 2.36887e+06
123 7 3.84916e+06
123 8 2.78001e+06
123 9 2.57324e+06
123 10 3.06378e+06
123 11 2.87265e+06
123 12 3.91469e+06
123 13 3.08110e+06
123 14 2.31300e+06
123 15 3.22948e+06
123 16 3.58009e+06
123 17 2.48730e+06
123 18 3.95931e+06
123 19 3.87600e+06
123 20 2.81613e+06
123 21 3.16821e+06
123 22 3.63527e+06
123 23 2.26408e+06
123 24 2.06926e+06
123 25 3.60814e+06
123 26 3.14237e+06
123 27 3.76758e+06
123 28 3.14110e+06
123 29 3.80614e+06
123 30 3.98781e+06
123 31 3.98239e+06
124 0 3.63461e+06
124 1 3.04227e+06
124 2 2.50361e+06
124 3 2.95893e+06
124 4 3.72542e+06
124 5 3.81027e+06
124 6 2.42406e+06
124 7 2.44754e+06
124 8 3.85471e+06
124 9 3.60164e+06
124 10 2.40415e+06
124 11 2.34771e+06
124 12 3.24052e+06
124 13 2.86396e+06
124 14 2.91462e+06
124 15 3.98238e+06
124 16 2.90375e+06
124 17 2.20964e+06
124 18 2.79799e+06
124 19 2.27938e+06
124 20 2.92404e+06
124 21 2.80590e+06
124 22 3.20069e+06
124 23 2.90564e+06
124 24 2.90225e+06
124 25 3.07650e+06
124 26 3.49534e+06
124 27 2.80877e+06
124 28 3.39061e+06
124 29 2.43639e+06
124 30 3.20896e+06
124 31 2.57365e+06
125 0 3.73739e+06
125 1 2.46319e+06
125 2 2.58088e+06
125 3 3.27863e+06
125 4 2.96859e+06
125 5 3.06754e+06
125 6 2.15469e+06
125 7 2.74713e+06
125 8 3.83499e+06
125 9 3.79222e+06
125 10 2.90779e+06
125 11 2.05221e+06
125 12 3.20052e+06
125 13 3.08533e+06
125 14 3.23620e+06
125 15 2.40740e+06
125 16 2.66686e+06
125 17 3.71671e+06
125 18 2.88037e+06
125 19 2.78780e+06
125 20 3.65261e+06
125 21 3.02008e+06
125 22 2.16999e+06
125 23 3.30440e+06
125 24 2.02759e+06
125 25 2.92659e+06
125 26 2.64049e+06
125 27 2.60241e+06
125 28 3.92183e+06
125 29 3.74644e+06
125 30 3.88982e+06
125 31 3.41238e+06
126 0 2.16887e+06
126 1 2.97780e+06
126 2 3.23418e+06
126 3 3.08943e+06
126 4 3.68971e+06
126 5 2.21831e+06
126 6 3.82760e+06
126 7 2.17500e+06
126 8 3.42715e+06
126 9 3.19505e+06
126 10 2.85582e+06
126 11 3.90936e+06
126 12 2.34521e+06
126 13 3.42483e+06
126 14 3.86437e+06
126 15 3.65442e+06
126 16 2.11819e+06
126 17 3.39640e+06
126 18 2.31362e+06
126 19 3.96113e+06
126 20 3.98241e+06
126 21 2.99129e+06
126 22 3.84472e+06
126 23 3.65400e+06
126 24 2.94742e+06
126 25 3.64150e+06
126 26 2.98587e+06
126 27 3.90116e+06
126 28 3.09263e+06
126 29 2.16539e+06
126 30 2.98088e+06
126 31 3.07041e+06
127 0 2.79957e+06
127 1 3.24812e+06
127 2 2.53056e+06
127 3 3.29462e+06
127 4 2.41881e+06
127 5 3.65162e+06
127 6 3.41343e+06
127 7 3.28023e+06
127 8 3.23667e+06
127 9 3.76803e+06
127 10 3.93211e+06
127 11 2.86119e+06
127 12 2.18069e+06
127 13 2.03335e+06
127 14 3.67018e+06
127 15 3.35172e+06
127 16 3.48181e+06
127 17 3.46748e+06
127 18 2.65207e+06
127 19 3.28959e+06
127 20 3.04790e+06
127 21 3.30274e+06
127 22 2.10720e+06
127 23 2.61615e+06
127 24 3.90239e+06
127 25 3.90381e+06
127 26 2.44331e+06
127 27 2.92130e+06
127 28 3.27315e+06
127 29 2.93081e+06
127 30 2.87589e+06
127 31 2.38642e+06
